0 0.098698 0.263889 0.031771 0.101852
0 0.151823 0.227315 0.038021 0.125000
0 0.085677 0.184722 0.043229 0.062037
0 0.070833 0.138889 0.025000 0.081481
0 0.315104 0.254167 0.033333 0.152778
0 0.357031 0.231944 0.041146 0.132407
0 0.263802 0.185648 0.029687 0.132407
0 0.347656 0.137037 0.030729 0.074074
0 0.313281 0.122685 0.027604 0.099074
0 0.296094 0.063426 0.020313 0.073148
0 0.346354 0.034259 0.029167 0.057407
0 0.366406 0.083796 0.024479 0.076852
0 0.404167 0.114352 0.029167 0.112037
0 0.458854 0.157407 0.028125 0.105556
0 0.513021 0.194444 0.030208 0.137037
0 0.545312 0.187500 0.031250 0.130556
0 0.626823 0.261574 0.081771 0.108333
0 0.509635 0.063426 0.036979 0.065741
0 0.544271 0.084722 0.025000 0.071296
0 0.554427 0.027778 0.023438 0.046296
0 0.591667 0.143981 0.027083 0.113889
0 0.631771 0.121759 0.028125 0.078704
0 0.683073 0.126389 0.024479 0.097222
0 0.709896 0.115278 0.022917 0.052778
0 0.587240 0.046296 0.019271 0.038889
0 0.611198 0.056944 0.027604 0.047222
