0 0.101562 0.260648 0.042708 0.095370
0 0.155990 0.223148 0.048438 0.112963
0 0.078385 0.190741 0.041146 0.053704
0 0.308333 0.252778 0.038542 0.148148
0 0.360677 0.226852 0.045312 0.131481
0 0.266667 0.185648 0.034375 0.113889
0 0.295833 0.066204 0.029167 0.076852
0 0.321875 0.110185 0.029167 0.079630
0 0.341927 0.043056 0.024479 0.062037
0 0.369531 0.083333 0.031771 0.070370
0 0.412500 0.118519 0.033333 0.092593
0 0.455469 0.152315 0.030729 0.089815
0 0.513802 0.195833 0.041146 0.139815
0 0.552865 0.185648 0.032813 0.121296
0 0.625260 0.264352 0.083854 0.095370
0 0.512760 0.065741 0.040104 0.062963
0 0.550260 0.085185 0.027604 0.074074
0 0.576823 0.087037 0.024479 0.066667
0 0.549219 0.026389 0.025521 0.050926
0 0.614323 0.056944 0.027604 0.050926
0 0.682031 0.128704 0.026562 0.100000
0 0.709375 0.121759 0.025000 0.067593
