0 0.063021 0.192593 0.034375 0.118519
0 0.104167 0.238889 0.033333 0.133333
0 0.163281 0.211111 0.044271 0.125926
0 0.314063 0.243981 0.043750 0.147222
0 0.370573 0.231019 0.049479 0.143519
0 0.263802 0.191204 0.038021 0.126852
0 0.347135 0.149074 0.027604 0.081481
0 0.297656 0.066667 0.023438 0.088889
0 0.403646 0.109259 0.030208 0.101852
0 0.439323 0.150000 0.029687 0.114815
0 0.474479 0.141667 0.033333 0.107407
0 0.517969 0.192593 0.034896 0.124074
0 0.555990 0.184259 0.039062 0.131481
0 0.630208 0.270370 0.081250 0.090741
0 0.510677 0.067130 0.034896 0.062037
0 0.543229 0.080556 0.025000 0.070370
0 0.567969 0.086574 0.021354 0.067593
0 0.596875 0.127315 0.029167 0.089815
0 0.680990 0.122222 0.026562 0.081481
0 0.709115 0.118056 0.022396 0.071296
0 0.587500 0.056944 0.021875 0.065741
0 0.616146 0.056944 0.031250 0.052778
