0 0.063021 0.197685 0.031250 0.119444
0 0.105469 0.239352 0.039062 0.132407
0 0.166927 0.217130 0.040104 0.128704
0 0.310937 0.244907 0.035417 0.134259
0 0.377344 0.230093 0.035937 0.145370
0 0.268229 0.188426 0.030208 0.125000
0 0.348177 0.162963 0.025521 0.105556
0 0.295833 0.067593 0.023958 0.087037
0 0.402865 0.107870 0.028646 0.104630
0 0.441406 0.148148 0.030729 0.111111
0 0.474479 0.140741 0.030208 0.100000
0 0.515625 0.193981 0.036458 0.125000
0 0.552604 0.175463 0.034375 0.106481
0 0.630729 0.271296 0.083333 0.090741
0 0.509635 0.068056 0.032813 0.056481
0 0.542708 0.082407 0.023958 0.075926
0 0.567448 0.087963 0.022396 0.075926
0 0.594271 0.125926 0.026042 0.090741
0 0.639062 0.125463 0.033333 0.069444
0 0.678125 0.125000 0.023958 0.092593
0 0.708333 0.120370 0.022917 0.064815
0 0.588281 0.056481 0.017188 0.059259
0 0.614844 0.057870 0.030729 0.045370
