0 0.061979 0.190741 0.033333 0.107407
0 0.104948 0.236574 0.035937 0.134259
0 0.173177 0.214815 0.041146 0.122222
0 0.319010 0.250463 0.043229 0.141667
0 0.389844 0.239815 0.039062 0.151852
0 0.267188 0.187037 0.038542 0.133333
0 0.350781 0.162037 0.031771 0.107407
0 0.296615 0.066204 0.025521 0.087963
0 0.630208 0.269444 0.084375 0.094444
0 0.512760 0.196296 0.032813 0.133333
0 0.550260 0.190741 0.038021 0.142593
0 0.473698 0.140278 0.030729 0.100926
0 0.398698 0.108796 0.030729 0.106481
0 0.367708 0.083796 0.026042 0.084259
0 0.441146 0.152778 0.028125 0.124074
0 0.510156 0.069444 0.033854 0.061111
0 0.544792 0.082870 0.022917 0.073148
0 0.569271 0.087963 0.020833 0.075926
0 0.597396 0.125463 0.028125 0.089815
0 0.639323 0.123611 0.033854 0.065741
0 0.679427 0.125926 0.029687 0.094444
0 0.708333 0.118981 0.025000 0.067593
