0 0.061198 0.195833 0.031771 0.125000
0 0.104948 0.240741 0.034896 0.133333
0 0.171875 0.213426 0.039583 0.132407
0 0.318229 0.248611 0.036458 0.145370
0 0.387760 0.232870 0.043229 0.134259
0 0.270313 0.187037 0.032292 0.125926
0 0.350781 0.162037 0.030729 0.111111
0 0.298958 0.068519 0.022917 0.085185
0 0.369531 0.077315 0.023438 0.082407
0 0.398698 0.104167 0.026562 0.102778
0 0.442188 0.150000 0.029167 0.122222
0 0.477865 0.141204 0.027604 0.097222
0 0.514844 0.190278 0.029687 0.119444
0 0.554167 0.183796 0.041667 0.117593
0 0.629687 0.275000 0.085417 0.096296
0 0.509896 0.066667 0.034375 0.061111
0 0.542969 0.083333 0.025521 0.077778
0 0.568750 0.087963 0.020833 0.075926
0 0.595573 0.123148 0.028646 0.087037
0 0.636719 0.125000 0.035937 0.068519
0 0.587240 0.053241 0.018229 0.058333
0 0.679427 0.120370 0.022396 0.079630
0 0.707812 0.117593 0.027083 0.064815
