0 0.062760 0.194444 0.028646 0.112963
0 0.104167 0.236111 0.037500 0.133333
0 0.171875 0.214352 0.041667 0.134259
0 0.313281 0.248148 0.043229 0.151852
0 0.389323 0.236111 0.048438 0.148148
0 0.271875 0.192130 0.031250 0.128704
0 0.348698 0.165278 0.032813 0.102778
0 0.256250 0.119907 0.023958 0.084259
0 0.298438 0.069444 0.023958 0.087037
0 0.369271 0.076389 0.021875 0.080556
0 0.399479 0.106944 0.026042 0.108333
0 0.439844 0.150000 0.026562 0.118519
0 0.477344 0.138426 0.025521 0.099074
0 0.514062 0.192593 0.034375 0.120370
0 0.551042 0.187500 0.032292 0.128704
0 0.630469 0.275463 0.086979 0.097222
0 0.508333 0.068981 0.032292 0.054630
0 0.542188 0.081019 0.023958 0.071296
0 0.567969 0.087963 0.018229 0.070370
0 0.596354 0.124074 0.029167 0.090741
0 0.637500 0.123611 0.035417 0.063889
0 0.677344 0.125463 0.023438 0.087963
0 0.708854 0.121296 0.023958 0.072222
