0 0.062500 0.193981 0.026042 0.113889
0 0.104167 0.238889 0.033333 0.131481
0 0.171094 0.213889 0.031771 0.116667
0 0.317969 0.245370 0.035937 0.133333
0 0.389583 0.230093 0.037500 0.121296
0 0.270833 0.185185 0.031250 0.120370
0 0.350260 0.159722 0.028646 0.100926
0 0.300521 0.075463 0.029167 0.076852
0 0.317708 0.128241 0.031250 0.063889
0 0.369010 0.076852 0.022396 0.085185
0 0.400521 0.109722 0.028125 0.102778
0 0.440365 0.149537 0.030729 0.119444
0 0.474219 0.139815 0.029687 0.100000
0 0.514062 0.196296 0.033333 0.124074
0 0.554427 0.185648 0.039062 0.126852
0 0.627865 0.251852 0.081771 0.127778
0 0.509635 0.068056 0.034896 0.060185
0 0.543750 0.084259 0.025000 0.077778
0 0.567969 0.085185 0.020313 0.068519
0 0.593750 0.124074 0.023958 0.081481
0 0.677865 0.124537 0.023438 0.089815
0 0.710156 0.123148 0.026562 0.066667
0 0.586198 0.051389 0.015104 0.056481
0 0.612500 0.056944 0.033333 0.045370
