0 0.061458 0.199537 0.032292 0.121296
0 0.101562 0.245370 0.036458 0.135185
0 0.172135 0.212963 0.034896 0.122222
0 0.144792 0.164352 0.023958 0.087963
0 0.316667 0.246296 0.037500 0.142593
0 0.389062 0.237963 0.038542 0.133333
0 0.270052 0.189815 0.035937 0.131481
0 0.350260 0.160185 0.031771 0.103704
0 0.303906 0.070833 0.029687 0.078704
0 0.371615 0.076389 0.020313 0.087963
0 0.401302 0.107870 0.031771 0.115741
0 0.440885 0.150926 0.029687 0.127778
0 0.475521 0.143981 0.034375 0.106481
0 0.514323 0.199537 0.038021 0.126852
0 0.555469 0.185185 0.039062 0.127778
0 0.625521 0.264352 0.085417 0.128704
0 0.508594 0.062963 0.033854 0.062963
0 0.542448 0.083796 0.023438 0.075000
0 0.567448 0.083796 0.021354 0.069444
0 0.592969 0.125000 0.026562 0.090741
0 0.619792 0.123611 0.020833 0.078704
0 0.645052 0.125463 0.025521 0.069444
0 0.678125 0.120833 0.028125 0.084259
0 0.709896 0.120370 0.026042 0.075926
