0 0.060677 0.199537 0.032813 0.123148
0 0.100781 0.240741 0.031771 0.133333
0 0.173698 0.211111 0.040104 0.129630
0 0.133594 0.167130 0.029687 0.095370
0 0.302604 0.067130 0.031250 0.080556
0 0.267448 0.190741 0.033854 0.125926
0 0.320052 0.126389 0.022396 0.067593
0 0.351562 0.158333 0.034375 0.109259
0 0.317708 0.248611 0.044792 0.134259
0 0.394271 0.243056 0.046875 0.136111
0 0.371615 0.076389 0.024479 0.091667
0 0.402604 0.109259 0.032292 0.112963
0 0.440104 0.156481 0.031250 0.124074
0 0.476823 0.142130 0.033854 0.102778
0 0.513802 0.199074 0.034896 0.135185
0 0.552604 0.185648 0.036458 0.117593
0 0.629427 0.260185 0.086979 0.118519
0 0.510417 0.067130 0.033333 0.056481
0 0.542969 0.084722 0.022396 0.080556
0 0.566406 0.083796 0.021354 0.069444
0 0.599479 0.127315 0.034375 0.089815
0 0.677604 0.124074 0.025000 0.087037
0 0.709896 0.118519 0.026042 0.070370
0 0.586719 0.059259 0.019271 0.070370
0 0.612500 0.057870 0.033333 0.052778
