0 0.060677 0.202778 0.030729 0.122222
0 0.104427 0.240741 0.030729 0.124074
0 0.139583 0.168056 0.027083 0.084259
0 0.173177 0.212500 0.031771 0.125000
0 0.319271 0.248611 0.034375 0.134259
0 0.381510 0.236111 0.040104 0.140741
0 0.268490 0.182870 0.030729 0.121296
0 0.345313 0.164352 0.023958 0.113889
0 0.303646 0.064815 0.037500 0.075926
0 0.373698 0.083333 0.023438 0.083333
0 0.403906 0.108796 0.030729 0.099074
0 0.439323 0.150463 0.031771 0.121296
0 0.475521 0.139352 0.035417 0.102778
0 0.513281 0.195833 0.032813 0.121296
0 0.557552 0.187963 0.052604 0.127778
0 0.627865 0.260185 0.084896 0.124074
0 0.510417 0.065741 0.033333 0.061111
0 0.542448 0.084259 0.025521 0.074074
0 0.567969 0.084259 0.021354 0.068519
0 0.600521 0.125926 0.035417 0.083333
0 0.645312 0.125926 0.023958 0.062963
0 0.678646 0.125463 0.026042 0.093519
0 0.708854 0.124074 0.026042 0.066667
0 0.588021 0.058333 0.022917 0.062963
