0 0.063281 0.205093 0.032813 0.125000
0 0.104948 0.242130 0.036979 0.125000
0 0.146615 0.162963 0.024479 0.077778
0 0.176823 0.220833 0.032813 0.126852
0 0.264062 0.191204 0.033333 0.137963
0 0.305469 0.070370 0.031771 0.064815
0 0.347396 0.170370 0.033333 0.112963
0 0.314844 0.242593 0.034896 0.142593
0 0.389583 0.235648 0.036458 0.137963
0 0.344271 0.047222 0.034375 0.053704
0 0.369792 0.082870 0.023958 0.078704
0 0.404948 0.111111 0.031771 0.105556
0 0.440885 0.149074 0.029687 0.124074
0 0.474740 0.142130 0.031771 0.102778
0 0.513542 0.194907 0.036458 0.134259
0 0.552865 0.187963 0.040104 0.127778
0 0.628385 0.264352 0.086979 0.121296
0 0.508594 0.067593 0.033854 0.057407
0 0.543229 0.082870 0.025000 0.075000
0 0.568490 0.085648 0.020313 0.071296
0 0.598958 0.124537 0.032292 0.082407
0 0.645312 0.125463 0.025000 0.069444
0 0.681510 0.123148 0.028646 0.085185
0 0.711458 0.119444 0.025000 0.061111
0 0.611719 0.059259 0.031771 0.050000
