0 0.101823 0.257407 0.040104 0.092593
0 0.155208 0.225463 0.048958 0.106481
0 0.076042 0.193056 0.040625 0.054630
0 0.083594 0.139352 0.036979 0.047222
0 0.308333 0.253704 0.032292 0.142593
0 0.369271 0.222685 0.050000 0.115741
0 0.265625 0.186574 0.034375 0.117593
0 0.297396 0.070833 0.029167 0.087963
0 0.321094 0.119444 0.025521 0.070370
0 0.348177 0.134722 0.028646 0.065741
0 0.339323 0.046759 0.030729 0.067593
0 0.370833 0.081481 0.028125 0.068519
0 0.408854 0.118056 0.041667 0.087963
0 0.453906 0.155093 0.033854 0.097222
0 0.511458 0.192593 0.033333 0.146296
0 0.552083 0.185185 0.036458 0.127778
0 0.631771 0.261574 0.078125 0.104630
0 0.509896 0.064815 0.041667 0.066667
0 0.548958 0.032870 0.025000 0.063889
0 0.558333 0.093981 0.029167 0.063889
0 0.580469 0.082870 0.016146 0.045370
0 0.594010 0.143056 0.021354 0.110185
0 0.615885 0.125000 0.022396 0.075926
0 0.548698 0.035648 0.027604 0.054630
0 0.586719 0.050926 0.016146 0.051852
0 0.611198 0.056019 0.027604 0.047222
0 0.679688 0.125926 0.026042 0.092593
0 0.708073 0.119444 0.025521 0.066667
