0 0.059375 0.200463 0.048958 0.113889
0 0.101302 0.243981 0.038021 0.126852
0 0.164583 0.221759 0.055208 0.117593
0 0.142448 0.165741 0.039062 0.072222
0 0.316406 0.246759 0.036979 0.145370
0 0.386458 0.237963 0.034375 0.137037
0 0.265885 0.190741 0.030729 0.129630
0 0.348438 0.157407 0.030208 0.116667
0 0.303646 0.070833 0.033333 0.065741
0 0.373437 0.076852 0.020833 0.074074
0 0.401823 0.109259 0.028646 0.109259
0 0.439844 0.154167 0.027604 0.123148
0 0.476823 0.143056 0.027604 0.102778
0 0.514062 0.194907 0.030208 0.126852
0 0.551302 0.184259 0.032813 0.120370
0 0.627865 0.254167 0.082812 0.128704
0 0.510938 0.068519 0.033333 0.053704
0 0.544010 0.082870 0.024479 0.075000
0 0.568490 0.087037 0.017188 0.074074
0 0.601042 0.126389 0.027083 0.080556
0 0.625521 0.125000 0.017708 0.072222
0 0.679948 0.125463 0.026562 0.089815
0 0.710417 0.117130 0.026042 0.065741
0 0.585938 0.057870 0.016667 0.065741
0 0.611719 0.059722 0.029687 0.049074
