0 0.062500 0.199074 0.030208 0.114815
0 0.099740 0.248611 0.040104 0.126852
0 0.172917 0.212963 0.038542 0.118519
0 0.139063 0.168056 0.025000 0.078704
0 0.303385 0.072685 0.028646 0.073148
0 0.262500 0.189352 0.031250 0.123148
0 0.349479 0.156481 0.033333 0.109259
0 0.317969 0.245833 0.030729 0.137963
0 0.390104 0.232870 0.038542 0.134259
0 0.371094 0.077778 0.020313 0.087037
0 0.401823 0.106019 0.026562 0.104630
0 0.439063 0.145833 0.030208 0.121296
0 0.475781 0.143056 0.030729 0.102778
0 0.513021 0.193056 0.035417 0.119444
0 0.559635 0.168519 0.031771 0.101852
0 0.628385 0.256481 0.086979 0.124074
0 0.513021 0.070370 0.030208 0.061111
0 0.543490 0.086574 0.023438 0.084259
0 0.566927 0.085648 0.019271 0.071296
0 0.599479 0.127315 0.028125 0.087963
0 0.624219 0.124074 0.020313 0.068519
0 0.681250 0.125926 0.028125 0.087037
0 0.710156 0.118519 0.025521 0.061111
0 0.611458 0.059722 0.030208 0.045370
