0 0.063021 0.200463 0.028125 0.115741
0 0.102344 0.243981 0.039062 0.117593
0 0.174219 0.218519 0.038021 0.109259
0 0.143229 0.164352 0.025000 0.075000
0 0.317448 0.245833 0.041146 0.136111
0 0.390365 0.241204 0.044271 0.134259
0 0.267969 0.189815 0.029687 0.120370
0 0.348698 0.156944 0.032813 0.106481
0 0.304427 0.070833 0.030729 0.073148
0 0.627865 0.258796 0.088021 0.115741
0 0.513542 0.193056 0.033333 0.115741
0 0.552344 0.177315 0.044271 0.106481
0 0.440365 0.153241 0.030729 0.128704
0 0.476562 0.142593 0.027083 0.103704
0 0.402344 0.108796 0.028646 0.102778
0 0.370312 0.080093 0.021875 0.087963
0 0.510156 0.065278 0.035937 0.060185
0 0.542708 0.083796 0.022917 0.080556
0 0.567708 0.085648 0.018750 0.071296
0 0.598177 0.127315 0.032813 0.084259
0 0.644792 0.128241 0.026042 0.069444
0 0.682292 0.124074 0.027083 0.087037
0 0.711458 0.117130 0.023958 0.060185
