0 0.062240 0.200463 0.030729 0.112037
0 0.102083 0.244907 0.034375 0.126852
0 0.175260 0.220370 0.034896 0.114815
0 0.143229 0.166667 0.022917 0.075926
0 0.309375 0.247685 0.036458 0.152778
0 0.388281 0.235648 0.035937 0.126852
0 0.268229 0.189352 0.031250 0.123148
0 0.346354 0.160185 0.030208 0.112963
0 0.302344 0.069444 0.031771 0.075926
0 0.404427 0.111574 0.030729 0.106481
0 0.438281 0.148148 0.029687 0.118519
0 0.371615 0.077315 0.022396 0.080556
0 0.474219 0.142593 0.031771 0.103704
0 0.521875 0.194907 0.034375 0.117593
0 0.555469 0.175926 0.029687 0.116667
0 0.628385 0.257870 0.085938 0.117593
0 0.510156 0.065278 0.035937 0.065741
0 0.542448 0.080093 0.022396 0.071296
0 0.566146 0.082870 0.021875 0.065741
0 0.595833 0.122685 0.030208 0.075000
0 0.620573 0.122685 0.017188 0.075000
0 0.643750 0.125463 0.026042 0.067593
0 0.681250 0.125463 0.025000 0.089815
0 0.710417 0.119907 0.026042 0.062037
