0 0.065365 0.196759 0.029687 0.108333
0 0.102604 0.244907 0.036458 0.123148
0 0.175521 0.218519 0.038542 0.111111
0 0.142969 0.165278 0.027604 0.075000
0 0.303906 0.238889 0.038021 0.137037
0 0.384635 0.234259 0.035937 0.137037
0 0.268490 0.190278 0.027604 0.117593
0 0.347135 0.157407 0.030729 0.111111
0 0.298438 0.068056 0.025000 0.086111
0 0.339844 0.049074 0.039062 0.044444
0 0.372396 0.074074 0.023958 0.081481
0 0.403125 0.111574 0.031250 0.100926
0 0.440104 0.149074 0.033333 0.118519
0 0.475260 0.141204 0.027604 0.100926
0 0.524219 0.211574 0.041146 0.125000
0 0.559635 0.173148 0.033854 0.116667
0 0.627083 0.256019 0.088542 0.119444
0 0.510156 0.064352 0.036979 0.065741
0 0.542188 0.081944 0.021875 0.075000
0 0.567708 0.087963 0.022917 0.077778
0 0.598437 0.124537 0.034375 0.086111
0 0.643750 0.127315 0.026042 0.073148
0 0.679948 0.124537 0.024479 0.086111
0 0.711458 0.117593 0.025000 0.059259
0 0.587760 0.061111 0.018229 0.070370
0 0.668229 0.079630 0.017708 0.061111
