0 0.058594 0.198148 0.034896 0.103704
0 0.102083 0.248611 0.031250 0.134259
0 0.174479 0.215741 0.037500 0.124074
0 0.141927 0.164352 0.024479 0.076852
0 0.320573 0.247222 0.040104 0.118519
0 0.389323 0.234722 0.043229 0.125000
0 0.267708 0.190278 0.036458 0.119444
0 0.350521 0.158796 0.034375 0.104630
0 0.313021 0.131944 0.038542 0.058333
0 0.298177 0.069907 0.025521 0.086111
0 0.629167 0.257870 0.082292 0.123148
0 0.517188 0.205556 0.057292 0.101852
0 0.561458 0.178241 0.036458 0.112037
0 0.439844 0.160648 0.029687 0.134259
0 0.472656 0.140278 0.030729 0.104630
0 0.403646 0.111574 0.030208 0.100926
0 0.371354 0.073148 0.027083 0.070370
0 0.338542 0.052778 0.039583 0.053704
0 0.509375 0.062963 0.035417 0.064815
0 0.544010 0.085185 0.021354 0.077778
0 0.567969 0.086111 0.021354 0.068519
0 0.597917 0.125463 0.032292 0.078704
0 0.589844 0.053241 0.019271 0.062037
0 0.680990 0.125926 0.025521 0.092593
