0 0.062760 0.195833 0.032813 0.106481
0 0.100781 0.243981 0.029687 0.123148
0 0.171354 0.218056 0.038542 0.125000
0 0.141406 0.172685 0.024479 0.089815
0 0.313802 0.237500 0.035937 0.176852
0 0.385937 0.232870 0.041667 0.134259
0 0.266667 0.188889 0.028125 0.118519
0 0.346615 0.154630 0.032813 0.112963
0 0.298698 0.067593 0.024479 0.085185
0 0.338542 0.047222 0.040625 0.053704
0 0.373177 0.070833 0.023438 0.073148
0 0.405208 0.110648 0.029167 0.104630
0 0.439323 0.147222 0.033854 0.114815
0 0.474479 0.141667 0.031250 0.100000
0 0.517448 0.205556 0.055729 0.098148
0 0.557292 0.180556 0.030208 0.116667
0 0.629687 0.257870 0.084375 0.130556
0 0.510156 0.063889 0.034896 0.066667
0 0.543750 0.084722 0.021875 0.075000
0 0.552865 0.027778 0.019271 0.048148
0 0.567187 0.090278 0.022917 0.076852
0 0.597917 0.156481 0.030208 0.144444
0 0.686719 0.130556 0.030729 0.103704
0 0.713021 0.123148 0.019792 0.068519
0 0.587240 0.068056 0.020313 0.078704
