0 0.064062 0.199074 0.029167 0.118519
0 0.100521 0.247685 0.031250 0.123148
0 0.173958 0.218056 0.037500 0.130556
0 0.330990 0.253704 0.039062 0.142593
0 0.387760 0.237500 0.044271 0.136111
0 0.270313 0.196759 0.033333 0.132407
0 0.350521 0.149537 0.035417 0.095370
0 0.299740 0.068056 0.025521 0.091667
0 0.338802 0.050463 0.034896 0.067593
0 0.370573 0.073148 0.022396 0.070370
0 0.404948 0.113426 0.030729 0.110185
0 0.440625 0.152315 0.029167 0.130556
0 0.473438 0.142593 0.033333 0.098148
0 0.516927 0.202315 0.057813 0.117593
0 0.559115 0.180093 0.034896 0.113889
0 0.628385 0.256481 0.085938 0.124074
0 0.510417 0.062500 0.037500 0.071296
0 0.544271 0.083333 0.022917 0.072222
0 0.567969 0.086111 0.021354 0.077778
0 0.596094 0.156019 0.031771 0.145370
0 0.685156 0.132870 0.026562 0.106481
0 0.711979 0.119444 0.022917 0.064815
0 0.553385 0.029167 0.018229 0.050926
0 0.586719 0.058333 0.017188 0.070370
