0 0.062240 0.199074 0.031771 0.112963
0 0.104427 0.249537 0.034896 0.125000
0 0.173437 0.222685 0.036458 0.123148
0 0.332031 0.256019 0.038021 0.121296
0 0.389583 0.236111 0.043750 0.137037
0 0.273438 0.193056 0.035417 0.110185
0 0.351823 0.148611 0.034896 0.093519
0 0.314323 0.131019 0.043229 0.058333
0 0.299219 0.066667 0.025521 0.087037
0 0.342187 0.043981 0.039583 0.058333
0 0.372135 0.073148 0.023438 0.074074
0 0.403906 0.110185 0.029687 0.109259
0 0.441667 0.178704 0.029167 0.183333
0 0.473177 0.145370 0.031771 0.098148
0 0.514062 0.231944 0.047917 0.156481
0 0.557813 0.179167 0.032292 0.128704
0 0.627865 0.261111 0.089063 0.125926
0 0.509896 0.067130 0.039583 0.069444
0 0.542969 0.081481 0.022396 0.074074
0 0.567969 0.084259 0.022396 0.070370
0 0.594271 0.154630 0.030208 0.133333
0 0.621094 0.123611 0.016146 0.078704
0 0.642708 0.124074 0.023958 0.068519
0 0.683854 0.133333 0.031250 0.109259
0 0.712240 0.119907 0.024479 0.071296
0 0.584896 0.064352 0.015625 0.076852
0 0.612240 0.057407 0.029687 0.044444
