0 0.059896 0.195370 0.034375 0.109259
0 0.102344 0.243519 0.042188 0.122222
0 0.173698 0.218981 0.043229 0.119444
0 0.141927 0.172222 0.030729 0.088889
0 0.299219 0.068981 0.025521 0.089815
0 0.272917 0.195833 0.041667 0.119444
0 0.352344 0.154630 0.035937 0.096296
0 0.320573 0.260648 0.056771 0.125000
0 0.388542 0.241667 0.044792 0.157407
0 0.345052 0.043981 0.028646 0.062037
0 0.371615 0.075926 0.026562 0.061111
0 0.403646 0.109722 0.032292 0.112037
0 0.439323 0.168056 0.032813 0.165741
0 0.474479 0.143519 0.033333 0.101852
0 0.518490 0.208796 0.053646 0.123148
0 0.560937 0.179167 0.032292 0.110185
0 0.629687 0.260648 0.086458 0.121296
0 0.510677 0.064352 0.036979 0.067593
0 0.544271 0.085648 0.023958 0.080556
0 0.569792 0.085648 0.022917 0.075000
0 0.598958 0.130093 0.032292 0.078704
0 0.591927 0.058796 0.021354 0.063889
0 0.682552 0.129630 0.029687 0.098148
0 0.712760 0.121296 0.025521 0.062963
