0 0.084635 0.138889 0.033854 0.044444
0 0.078646 0.191204 0.037500 0.056481
0 0.103385 0.262037 0.044271 0.085185
0 0.155729 0.221296 0.048958 0.100000
0 0.308594 0.251389 0.035937 0.137963
0 0.374219 0.226852 0.035937 0.111111
0 0.261719 0.180093 0.028646 0.119444
0 0.347917 0.155556 0.029167 0.105556
0 0.322135 0.117593 0.025521 0.068519
0 0.298438 0.069444 0.026042 0.079630
0 0.627083 0.262963 0.080208 0.101852
0 0.513802 0.192130 0.024479 0.150926
0 0.557292 0.186574 0.054167 0.123148
0 0.460938 0.156019 0.026042 0.087963
0 0.489583 0.135648 0.028125 0.060185
0 0.345573 0.050463 0.028646 0.071296
0 0.370052 0.082407 0.028646 0.072222
0 0.409375 0.116667 0.043750 0.087037
0 0.509635 0.069444 0.040104 0.051852
0 0.548438 0.032407 0.031250 0.062963
0 0.557813 0.094907 0.029167 0.060185
0 0.577344 0.075926 0.015104 0.037037
0 0.595833 0.141204 0.020833 0.117593
0 0.680469 0.122685 0.022396 0.087963
0 0.707292 0.117130 0.023958 0.060185
