0 0.063542 0.197222 0.036458 0.105556
0 0.104688 0.246296 0.039583 0.127778
0 0.172396 0.212963 0.041667 0.120370
0 0.326562 0.258333 0.045833 0.127778
0 0.386198 0.240741 0.047396 0.140741
0 0.266406 0.186111 0.035937 0.125926
0 0.349219 0.151852 0.038021 0.098148
0 0.300260 0.058333 0.028646 0.066667
0 0.312240 0.130093 0.045312 0.071296
0 0.340365 0.041204 0.030729 0.065741
0 0.368750 0.071759 0.022917 0.065741
0 0.401823 0.108796 0.035937 0.106481
0 0.441927 0.175926 0.031771 0.177778
0 0.474479 0.140741 0.030208 0.105556
0 0.515625 0.199074 0.053125 0.122222
0 0.559896 0.175000 0.034375 0.120370
0 0.628125 0.262037 0.086458 0.116667
0 0.510677 0.064352 0.035937 0.065741
0 0.543750 0.081481 0.022917 0.074074
0 0.569271 0.086574 0.022917 0.071296
0 0.596615 0.162963 0.031771 0.138889
0 0.589063 0.064352 0.018750 0.076852
0 0.614323 0.057870 0.032813 0.045370
0 0.683333 0.125926 0.030208 0.087037
0 0.711979 0.118981 0.022917 0.056481
