0 0.065625 0.200000 0.031250 0.114815
0 0.101823 0.241667 0.038021 0.129630
0 0.174219 0.221759 0.040104 0.117593
0 0.148958 0.162500 0.026042 0.076852
0 0.329167 0.254167 0.034375 0.126852
0 0.386458 0.236111 0.041667 0.127778
0 0.251302 0.186111 0.032813 0.135185
0 0.350000 0.144907 0.033333 0.089815
0 0.314583 0.122222 0.033333 0.088889
0 0.297656 0.062500 0.024479 0.073148
0 0.340625 0.043519 0.022917 0.075926
0 0.371615 0.082407 0.022396 0.077778
0 0.404687 0.106944 0.034375 0.099074
0 0.440365 0.172685 0.030729 0.169444
0 0.472917 0.141667 0.032292 0.107407
0 0.515625 0.218519 0.050000 0.172222
0 0.560156 0.182870 0.034896 0.126852
0 0.629167 0.261111 0.082292 0.116667
0 0.508594 0.063889 0.038021 0.068519
0 0.542188 0.081944 0.020833 0.075000
0 0.568229 0.084722 0.023958 0.069444
0 0.596615 0.155093 0.029687 0.130556
0 0.685417 0.129167 0.030208 0.093519
0 0.713021 0.121296 0.021875 0.061111
0 0.586458 0.070833 0.015625 0.087963
0 0.614323 0.060648 0.033854 0.041667
