0 0.101042 0.241204 0.040625 0.130556
0 0.177865 0.219907 0.035937 0.121296
0 0.064844 0.193056 0.029687 0.099074
0 0.328646 0.260185 0.043750 0.125926
0 0.391927 0.236111 0.043229 0.140741
0 0.270313 0.185185 0.035417 0.118519
0 0.351302 0.155093 0.033854 0.095370
0 0.302865 0.066667 0.033854 0.070370
0 0.339583 0.042130 0.029167 0.075000
0 0.368750 0.080556 0.032292 0.066667
0 0.402344 0.108796 0.031771 0.110185
0 0.440104 0.174537 0.033333 0.173148
0 0.477344 0.141204 0.035937 0.104630
0 0.525521 0.201852 0.035417 0.138889
0 0.560677 0.183796 0.030729 0.119444
0 0.624740 0.248611 0.076563 0.121296
0 0.510938 0.065741 0.033333 0.062963
0 0.542448 0.092130 0.022396 0.095370
0 0.568750 0.085648 0.021875 0.071296
0 0.600781 0.128704 0.032813 0.085185
0 0.680990 0.126389 0.026562 0.087963
0 0.711458 0.119907 0.027083 0.060185
0 0.588542 0.061111 0.017708 0.072222
0 0.613281 0.059259 0.031771 0.051852
0 0.628385 0.130093 0.019271 0.067593
