0 0.064583 0.200000 0.030208 0.116667
0 0.098958 0.243519 0.036458 0.137037
0 0.177344 0.215741 0.035937 0.114815
0 0.150781 0.162963 0.028646 0.075926
0 0.329688 0.255556 0.034375 0.125926
0 0.386719 0.233333 0.041146 0.131481
0 0.269271 0.188889 0.034375 0.124074
0 0.349740 0.153241 0.030729 0.097222
0 0.303125 0.060185 0.026042 0.061111
0 0.314583 0.121296 0.035417 0.066667
0 0.335156 0.042593 0.029687 0.072222
0 0.368229 0.073148 0.032292 0.053704
0 0.400521 0.111574 0.030208 0.112037
0 0.439323 0.168981 0.030729 0.156481
0 0.473177 0.138889 0.029687 0.103704
0 0.515365 0.199537 0.052604 0.121296
0 0.559635 0.183796 0.033854 0.117593
0 0.626563 0.253241 0.079167 0.113889
0 0.510417 0.066204 0.035417 0.060185
0 0.542448 0.086574 0.022396 0.080556
0 0.567969 0.087037 0.020313 0.075926
0 0.596615 0.151389 0.030729 0.121296
0 0.624479 0.125926 0.019792 0.072222
0 0.681510 0.130093 0.026562 0.093519
0 0.711198 0.122222 0.025521 0.061111
0 0.587760 0.055093 0.019271 0.065741
