0 0.062500 0.200000 0.027083 0.111111
0 0.100000 0.244444 0.042708 0.129630
0 0.176563 0.217593 0.034375 0.118519
0 0.329167 0.256019 0.039583 0.126852
0 0.376563 0.230556 0.038542 0.129630
0 0.272135 0.187500 0.031771 0.113889
0 0.347135 0.152778 0.025521 0.087037
0 0.312500 0.130556 0.023958 0.096296
0 0.298438 0.066667 0.021875 0.075926
0 0.334115 0.045833 0.028646 0.078704
0 0.367448 0.080093 0.029687 0.076852
0 0.401302 0.111111 0.033854 0.107407
0 0.440885 0.170833 0.028646 0.162037
0 0.470833 0.142593 0.025000 0.105556
0 0.508594 0.203704 0.039062 0.172222
0 0.561719 0.183333 0.032813 0.107407
0 0.624219 0.260648 0.077604 0.102778
0 0.510677 0.063889 0.035937 0.064815
0 0.542969 0.086574 0.024479 0.078704
0 0.567708 0.085185 0.022917 0.070370
0 0.598177 0.153704 0.027604 0.125926
0 0.625521 0.125926 0.020833 0.066667
0 0.681771 0.125926 0.025000 0.090741
0 0.710417 0.121759 0.025000 0.065741
0 0.586979 0.059722 0.015625 0.073148
