0 0.056250 0.205556 0.031250 0.120370
0 0.098698 0.243981 0.039062 0.125000
0 0.178385 0.217593 0.034896 0.111111
0 0.146354 0.161111 0.029167 0.075926
0 0.329948 0.258333 0.038021 0.129630
0 0.378906 0.228241 0.048438 0.130556
0 0.272135 0.188426 0.038021 0.115741
0 0.347135 0.154630 0.029687 0.098148
0 0.312500 0.118519 0.022917 0.079630
0 0.303125 0.058333 0.026042 0.053704
0 0.340365 0.039352 0.028646 0.069444
0 0.368229 0.082870 0.023958 0.078704
0 0.400260 0.108333 0.031771 0.107407
0 0.440104 0.159259 0.028125 0.135185
0 0.469792 0.137963 0.023958 0.101852
0 0.510156 0.186574 0.033854 0.136111
0 0.561198 0.179630 0.034896 0.103704
0 0.626042 0.259259 0.072917 0.105556
0 0.510417 0.064815 0.034375 0.059259
0 0.542448 0.094444 0.020313 0.096296
0 0.568750 0.089352 0.021875 0.071296
0 0.597656 0.149537 0.029687 0.119444
0 0.624219 0.124074 0.017188 0.068519
0 0.683594 0.131944 0.024479 0.099074
0 0.711458 0.123611 0.023958 0.065741
0 0.589323 0.062963 0.016146 0.077778
0 0.614323 0.060185 0.028646 0.042593
0 0.554427 0.028241 0.022396 0.041667
