0 0.100260 0.247222 0.045312 0.122222
0 0.055469 0.211574 0.038021 0.123148
0 0.176042 0.220370 0.037500 0.120370
0 0.140885 0.166204 0.033854 0.069444
0 0.328906 0.257870 0.043229 0.132407
0 0.376563 0.237500 0.045833 0.143519
0 0.270052 0.186111 0.036979 0.118519
0 0.346354 0.154630 0.032292 0.096296
0 0.313802 0.122222 0.033854 0.087037
0 0.344010 0.045370 0.024479 0.072222
0 0.400260 0.103241 0.030729 0.128704
0 0.440885 0.159722 0.029687 0.143519
0 0.470573 0.139352 0.025521 0.099074
0 0.506510 0.184722 0.040104 0.160185
0 0.558073 0.178704 0.042188 0.101852
0 0.625781 0.263426 0.079687 0.099074
0 0.509896 0.064352 0.035417 0.067593
0 0.543229 0.087963 0.022917 0.083333
0 0.570052 0.087037 0.023438 0.070370
0 0.598698 0.155556 0.027604 0.125926
0 0.627083 0.127315 0.020833 0.067593
0 0.683854 0.132870 0.030208 0.100926
0 0.713802 0.123148 0.023438 0.066667
0 0.586979 0.069444 0.016667 0.088889
0 0.615885 0.061111 0.034896 0.048148
