0 0.061719 0.204630 0.031771 0.112963
0 0.100000 0.240741 0.040625 0.125926
0 0.175260 0.218981 0.036979 0.115741
0 0.328125 0.257407 0.039583 0.122222
0 0.379167 0.226852 0.047917 0.124074
0 0.269531 0.187963 0.034896 0.122222
0 0.347135 0.157407 0.029687 0.105556
0 0.313281 0.119444 0.031771 0.079630
0 0.299479 0.057407 0.023958 0.072222
0 0.341406 0.044444 0.030729 0.064815
0 0.400260 0.111574 0.035937 0.113889
0 0.440104 0.169444 0.027083 0.150000
0 0.468750 0.142593 0.027083 0.103704
0 0.497917 0.199537 0.028125 0.171296
0 0.568490 0.191204 0.036979 0.119444
0 0.624740 0.252778 0.075521 0.118519
0 0.510156 0.064815 0.036979 0.064815
0 0.541667 0.099074 0.018750 0.109259
0 0.567708 0.086111 0.023958 0.070370
0 0.599479 0.152315 0.026042 0.119444
0 0.684115 0.129630 0.023438 0.096296
0 0.711458 0.118981 0.023958 0.056481
0 0.588021 0.066204 0.015625 0.086111
0 0.614583 0.059259 0.030208 0.050000
