0 0.058854 0.206944 0.037500 0.136111
0 0.098958 0.245833 0.038542 0.128704
0 0.173698 0.215741 0.040104 0.118519
0 0.326823 0.256019 0.034896 0.128704
0 0.381250 0.231944 0.047917 0.132407
0 0.272135 0.189815 0.031771 0.129630
0 0.347656 0.155556 0.031771 0.107407
0 0.311979 0.119444 0.030208 0.087037
0 0.341927 0.039815 0.026562 0.062963
0 0.366146 0.080093 0.020833 0.089815
0 0.406250 0.111111 0.029167 0.109259
0 0.443490 0.177315 0.029687 0.165741
0 0.493490 0.206944 0.028646 0.189815
0 0.566146 0.182870 0.037500 0.121296
0 0.624740 0.255093 0.078646 0.108333
0 0.509115 0.067593 0.033854 0.062963
0 0.541667 0.096759 0.018750 0.099074
0 0.569010 0.084722 0.022396 0.071296
0 0.599479 0.156944 0.023958 0.126852
0 0.684375 0.133333 0.026042 0.107407
0 0.711458 0.128241 0.025000 0.075000
0 0.589844 0.063426 0.016146 0.078704
