0 0.060156 0.203704 0.031771 0.118519
0 0.098958 0.248611 0.038542 0.130556
0 0.174479 0.217593 0.040625 0.133333
0 0.331250 0.260185 0.039583 0.124074
0 0.378646 0.233333 0.046875 0.138889
0 0.270573 0.188889 0.031771 0.124074
0 0.344792 0.152778 0.031250 0.088889
0 0.313542 0.117593 0.034375 0.083333
0 0.344010 0.041667 0.026562 0.064815
0 0.365104 0.079630 0.023958 0.079630
0 0.397917 0.107407 0.034375 0.100000
0 0.442188 0.175000 0.029167 0.170370
0 0.478646 0.138426 0.023958 0.099074
0 0.562500 0.191204 0.050000 0.121296
0 0.624479 0.247685 0.073958 0.123148
0 0.509635 0.063889 0.035937 0.066667
0 0.541667 0.099537 0.021875 0.110185
0 0.570312 0.088426 0.025000 0.069444
0 0.602083 0.153704 0.025000 0.124074
0 0.684115 0.131944 0.024479 0.100926
0 0.711198 0.120370 0.022396 0.064815
0 0.588281 0.068056 0.015104 0.084259
