0 0.079948 0.187500 0.041146 0.058333
0 0.100000 0.264352 0.045833 0.082407
0 0.154688 0.218056 0.046875 0.110185
0 0.309375 0.247685 0.031250 0.145370
0 0.379688 0.227778 0.047917 0.109259
0 0.266406 0.181019 0.032813 0.112037
0 0.347917 0.162037 0.026042 0.088889
0 0.317969 0.118056 0.029687 0.082407
0 0.301042 0.052778 0.033333 0.051852
0 0.635938 0.262037 0.061458 0.100000
0 0.514583 0.194444 0.035417 0.150000
0 0.550260 0.179630 0.034896 0.120370
0 0.458333 0.158796 0.029167 0.093519
0 0.398698 0.110648 0.026562 0.106481
0 0.364583 0.080093 0.026042 0.075000
0 0.430990 0.103704 0.025521 0.081481
0 0.510156 0.062963 0.040104 0.061111
0 0.549740 0.085185 0.026562 0.066667
0 0.576302 0.086574 0.023438 0.056481
0 0.599740 0.134259 0.022396 0.092593
0 0.551042 0.027315 0.029167 0.047222
0 0.677604 0.120833 0.027083 0.080556
0 0.709635 0.118056 0.025521 0.062037
0 0.589323 0.049537 0.018229 0.047222
0 0.613021 0.055556 0.027083 0.050000
