0 0.063281 0.202315 0.031771 0.130556
0 0.099740 0.248148 0.036979 0.135185
0 0.171354 0.213426 0.044792 0.115741
0 0.327083 0.257407 0.046875 0.129630
0 0.380208 0.232870 0.048958 0.139815
0 0.269792 0.185185 0.031250 0.120370
0 0.343750 0.155093 0.031250 0.095370
0 0.311979 0.122222 0.027083 0.092593
0 0.342708 0.047685 0.026042 0.075000
0 0.297656 0.068981 0.022396 0.095370
0 0.368750 0.077315 0.022917 0.084259
0 0.398958 0.111574 0.034375 0.108333
0 0.441927 0.173611 0.028646 0.163889
0 0.475781 0.138426 0.026562 0.102778
0 0.511198 0.196296 0.036979 0.125926
0 0.564063 0.193056 0.045833 0.113889
0 0.625521 0.246296 0.075000 0.129630
0 0.509375 0.064815 0.029167 0.070370
0 0.541927 0.082870 0.021354 0.080556
0 0.567969 0.086574 0.024479 0.073148
0 0.601562 0.137963 0.034375 0.098148
0 0.682552 0.127778 0.026562 0.092593
0 0.710417 0.119907 0.022917 0.065741
0 0.589323 0.059722 0.018229 0.075000
