0 0.062240 0.201852 0.029687 0.124074
0 0.100521 0.246296 0.037500 0.120370
0 0.169792 0.214815 0.039583 0.125926
0 0.327604 0.261574 0.040625 0.136111
0 0.378125 0.232407 0.041667 0.131481
0 0.269792 0.187500 0.029167 0.121296
0 0.336719 0.157407 0.039062 0.085185
0 0.304688 0.120370 0.025000 0.092593
0 0.340885 0.046759 0.026562 0.075000
0 0.365365 0.077778 0.019271 0.081481
0 0.396094 0.114352 0.030729 0.099074
0 0.439844 0.173148 0.028646 0.159259
0 0.477083 0.137500 0.030208 0.097222
0 0.511458 0.188426 0.032292 0.108333
0 0.567969 0.197222 0.036979 0.127778
0 0.625260 0.252315 0.075521 0.113889
0 0.511198 0.067130 0.035937 0.067593
0 0.544010 0.085185 0.021354 0.081481
0 0.568490 0.088426 0.024479 0.076852
0 0.601302 0.131944 0.029687 0.086111
0 0.628385 0.127315 0.022396 0.073148
0 0.683854 0.128704 0.023958 0.096296
0 0.590885 0.062500 0.018229 0.069444
