0 0.064062 0.188426 0.028125 0.134259
0 0.097135 0.246759 0.034896 0.121296
0 0.169271 0.210648 0.037500 0.123148
0 0.110677 0.168519 0.029687 0.075926
0 0.326302 0.262037 0.043229 0.142593
0 0.379948 0.234259 0.047396 0.146296
0 0.269531 0.192130 0.026562 0.123148
0 0.335938 0.158796 0.047917 0.082407
0 0.304167 0.122685 0.027083 0.099074
0 0.341146 0.049074 0.031250 0.070370
0 0.364323 0.081481 0.020313 0.087037
0 0.394792 0.117130 0.033333 0.102778
0 0.441927 0.181944 0.032813 0.184259
0 0.475260 0.140741 0.026562 0.101852
0 0.511198 0.198148 0.042188 0.142593
0 0.561198 0.192593 0.049479 0.118519
0 0.626563 0.256944 0.078125 0.108333
0 0.508594 0.066204 0.034896 0.067593
0 0.542969 0.098148 0.025521 0.100000
0 0.568490 0.088426 0.020313 0.078704
0 0.598437 0.156944 0.021875 0.126852
0 0.625000 0.126852 0.025000 0.066667
0 0.684115 0.132870 0.030729 0.104630
0 0.587500 0.065741 0.016667 0.077778
0 0.613802 0.056944 0.029687 0.050926
