0 0.066406 0.185185 0.031771 0.127778
0 0.102865 0.260185 0.038021 0.124074
0 0.171875 0.214352 0.042708 0.128704
0 0.105729 0.162037 0.030208 0.075926
0 0.326042 0.256944 0.046875 0.125000
0 0.383073 0.231944 0.050521 0.128704
0 0.269271 0.191204 0.032292 0.128704
0 0.337500 0.153241 0.047917 0.076852
0 0.304948 0.123611 0.027604 0.089815
0 0.342708 0.045370 0.034375 0.068519
0 0.365365 0.078241 0.024479 0.073148
0 0.398438 0.108333 0.037500 0.096296
0 0.441406 0.154167 0.034896 0.121296
0 0.474740 0.137963 0.025521 0.101852
0 0.507552 0.195833 0.038021 0.160185
0 0.561719 0.189352 0.041146 0.128704
0 0.626563 0.256481 0.078125 0.125926
0 0.509115 0.066667 0.035937 0.075926
0 0.541927 0.084259 0.025521 0.075926
0 0.567969 0.087963 0.027604 0.064815
0 0.598958 0.154630 0.030208 0.127778
0 0.684896 0.130556 0.030208 0.100000
0 0.591667 0.065278 0.017708 0.080556
