0 0.070052 0.175000 0.030729 0.131481
0 0.101562 0.261111 0.040625 0.112963
0 0.173437 0.213889 0.041667 0.122222
0 0.109896 0.164815 0.029167 0.075926
0 0.328385 0.255093 0.038021 0.132407
0 0.380990 0.228241 0.050521 0.130556
0 0.269531 0.185648 0.031771 0.110185
0 0.301042 0.052315 0.025000 0.052778
0 0.305469 0.126389 0.025521 0.089815
0 0.339062 0.152778 0.042708 0.077778
0 0.341927 0.043519 0.030729 0.057407
0 0.369010 0.079167 0.020313 0.080556
0 0.397135 0.106019 0.032813 0.106481
0 0.440104 0.167130 0.030208 0.147222
0 0.472656 0.139815 0.026562 0.100000
0 0.507292 0.199074 0.039583 0.159259
0 0.561198 0.194907 0.046354 0.126852
0 0.624740 0.255093 0.076563 0.108333
0 0.509115 0.066667 0.034896 0.064815
0 0.542448 0.097222 0.023438 0.098148
0 0.568490 0.088426 0.023438 0.069444
0 0.600260 0.134722 0.026562 0.089815
0 0.624479 0.128241 0.015625 0.082407
0 0.682292 0.129167 0.023958 0.095370
0 0.589323 0.062500 0.016146 0.073148
