0 0.069010 0.185648 0.029687 0.132407
0 0.175000 0.213426 0.038542 0.125000
0 0.325781 0.257870 0.040104 0.132407
0 0.379167 0.231944 0.038542 0.136111
0 0.271615 0.188889 0.028646 0.125926
0 0.338802 0.158333 0.043229 0.092593
0 0.299219 0.051852 0.024479 0.053704
0 0.305729 0.123611 0.026042 0.084259
0 0.343229 0.044907 0.028125 0.071296
0 0.368490 0.081019 0.020313 0.086111
0 0.401302 0.110185 0.028646 0.107407
0 0.441667 0.168981 0.028125 0.147222
0 0.475521 0.138426 0.029167 0.095370
0 0.514583 0.199074 0.034375 0.129630
0 0.566406 0.187963 0.031771 0.122222
0 0.626042 0.260185 0.076042 0.107407
0 0.511198 0.066667 0.036979 0.066667
0 0.543229 0.088889 0.018750 0.096296
0 0.568750 0.084722 0.020833 0.073148
0 0.596354 0.152315 0.025000 0.128704
0 0.684375 0.135185 0.027083 0.109259
0 0.588542 0.064352 0.015625 0.073148
