0 0.066406 0.186574 0.029687 0.134259
0 0.101042 0.250463 0.031250 0.132407
0 0.172135 0.210648 0.033854 0.123148
0 0.324479 0.259259 0.040625 0.127778
0 0.383333 0.238426 0.036458 0.145370
0 0.271354 0.186574 0.029167 0.115741
0 0.346875 0.152315 0.040625 0.102778
0 0.309896 0.120833 0.030208 0.089815
0 0.341406 0.046296 0.031771 0.070370
0 0.368750 0.081944 0.020833 0.086111
0 0.438542 0.173148 0.031250 0.161111
0 0.473958 0.138426 0.030208 0.097222
0 0.512240 0.195833 0.036979 0.147222
0 0.561198 0.190741 0.048438 0.111111
0 0.627344 0.262500 0.078646 0.100926
0 0.509115 0.062037 0.032813 0.062963
0 0.542188 0.101389 0.022917 0.108333
0 0.567969 0.087500 0.021354 0.071296
0 0.596615 0.156019 0.028646 0.134259
0 0.684896 0.129630 0.030208 0.088889
0 0.588281 0.061574 0.018229 0.071296
