0 0.067708 0.187963 0.027083 0.140741
0 0.102865 0.253704 0.033854 0.116667
0 0.170833 0.214352 0.044792 0.117593
0 0.313542 0.259259 0.042708 0.157407
0 0.384896 0.238426 0.046875 0.150926
0 0.269271 0.189352 0.033333 0.125000
0 0.345573 0.156944 0.038021 0.112037
0 0.309896 0.122222 0.030208 0.085185
0 0.341667 0.041204 0.033333 0.058333
0 0.372135 0.082870 0.023438 0.091667
0 0.403906 0.113426 0.031771 0.097222
0 0.442708 0.167593 0.036458 0.157407
0 0.478125 0.142130 0.029167 0.099074
0 0.558073 0.188889 0.049479 0.122222
0 0.627344 0.263889 0.080729 0.105556
0 0.510677 0.065741 0.035937 0.059259
0 0.542708 0.097685 0.022917 0.097222
0 0.569531 0.086111 0.026562 0.070370
0 0.596875 0.158796 0.026042 0.128704
0 0.684375 0.130556 0.029167 0.090741
0 0.588021 0.065278 0.017708 0.073148
