0 0.066406 0.190741 0.031771 0.146296
0 0.103385 0.246296 0.035937 0.111111
0 0.172135 0.216204 0.038021 0.128704
0 0.308854 0.248148 0.035417 0.140741
0 0.387760 0.231944 0.033854 0.139815
0 0.344010 0.165278 0.028646 0.126852
0 0.269010 0.190278 0.031771 0.125000
0 0.308854 0.123611 0.027083 0.086111
0 0.342708 0.046759 0.026042 0.073148
0 0.369792 0.083796 0.025000 0.080556
0 0.403385 0.115278 0.032813 0.093519
0 0.444010 0.175000 0.034896 0.170370
0 0.508073 0.199074 0.053646 0.135185
0 0.562500 0.192593 0.048958 0.124074
0 0.626302 0.264352 0.078646 0.097222
0 0.511198 0.066204 0.036979 0.065741
0 0.548438 0.094444 0.026042 0.077778
0 0.567187 0.084259 0.016667 0.074074
0 0.594271 0.155556 0.029167 0.125926
0 0.685417 0.135185 0.031250 0.107407
0 0.713281 0.121296 0.022396 0.059259
0 0.587760 0.063426 0.022396 0.073148
