0 0.067448 0.195833 0.030729 0.139815
0 0.105469 0.248611 0.042188 0.121296
0 0.166927 0.219444 0.045312 0.120370
0 0.112760 0.168519 0.031771 0.079630
0 0.310677 0.254630 0.036979 0.142593
0 0.384635 0.234722 0.039062 0.147222
0 0.269010 0.187963 0.028646 0.122222
0 0.346615 0.160648 0.031771 0.113889
0 0.311719 0.123148 0.030729 0.101852
0 0.339062 0.042593 0.023958 0.079630
0 0.365885 0.073148 0.025521 0.077778
0 0.402865 0.118519 0.038021 0.092593
0 0.444010 0.181481 0.034896 0.177778
0 0.479167 0.141667 0.025000 0.096296
0 0.515625 0.208333 0.045833 0.129630
0 0.563802 0.195370 0.043229 0.122222
0 0.627083 0.264815 0.077083 0.094444
0 0.510156 0.068056 0.034896 0.063889
0 0.548177 0.102315 0.025521 0.091667
0 0.596094 0.159722 0.024479 0.130556
0 0.685417 0.137500 0.030208 0.110185
0 0.586198 0.062963 0.021354 0.085185
