0 0.070573 0.198611 0.038021 0.073148
0 0.105990 0.263889 0.034896 0.094444
0 0.155469 0.231019 0.049479 0.119444
0 0.106250 0.106944 0.031250 0.049074
0 0.308333 0.249074 0.033333 0.148148
0 0.378906 0.225000 0.049479 0.116667
0 0.267708 0.183796 0.036458 0.110185
0 0.347396 0.158333 0.030208 0.094444
0 0.320052 0.122222 0.033854 0.064815
0 0.297396 0.072222 0.031250 0.079630
0 0.344010 0.048611 0.029687 0.067593
0 0.366406 0.081019 0.022396 0.080556
0 0.400000 0.111111 0.030208 0.103704
0 0.429427 0.102778 0.026562 0.087037
0 0.458854 0.156019 0.031250 0.086111
0 0.514844 0.192593 0.028646 0.144444
0 0.568229 0.192130 0.048958 0.110185
0 0.462240 0.091667 0.036979 0.044444
0 0.632552 0.264815 0.061979 0.107407
0 0.511198 0.067130 0.038021 0.063889
0 0.551823 0.034259 0.027604 0.059259
0 0.555990 0.097685 0.033854 0.065741
0 0.590104 0.054167 0.022917 0.067593
0 0.615365 0.058333 0.026562 0.051852
0 0.682813 0.127778 0.027083 0.092593
0 0.710417 0.119907 0.022917 0.063889
