0 0.066406 0.193056 0.028646 0.139815
0 0.099479 0.250926 0.032292 0.124074
0 0.157812 0.222685 0.047917 0.128704
0 0.110677 0.168056 0.022396 0.080556
0 0.321615 0.240278 0.035937 0.137963
0 0.385417 0.237963 0.034375 0.144444
0 0.263542 0.193981 0.033333 0.143519
0 0.347656 0.155556 0.035937 0.107407
0 0.309635 0.118519 0.032813 0.081481
0 0.296354 0.072685 0.021875 0.091667
0 0.340885 0.042593 0.026562 0.066667
0 0.364063 0.077778 0.026042 0.088889
0 0.403385 0.115741 0.039062 0.100000
0 0.441667 0.175926 0.029167 0.175926
0 0.479167 0.140278 0.026042 0.099074
0 0.514323 0.204630 0.044271 0.142593
0 0.562500 0.193519 0.045833 0.120370
0 0.625260 0.263889 0.076563 0.103704
0 0.510156 0.065278 0.039062 0.062037
0 0.548958 0.091667 0.025000 0.074074
0 0.571875 0.088889 0.016667 0.072222
0 0.595573 0.155093 0.023438 0.125000
0 0.683333 0.129630 0.029167 0.100000
0 0.589323 0.058796 0.016146 0.071296
