0 0.066406 0.190278 0.026562 0.128704
0 0.100260 0.252778 0.031771 0.116667
0 0.159635 0.221296 0.036979 0.124074
0 0.317708 0.249074 0.037500 0.129630
0 0.378125 0.230556 0.040625 0.138889
0 0.262760 0.184722 0.029687 0.136111
0 0.344531 0.160185 0.030729 0.118519
0 0.311198 0.124074 0.039062 0.075926
0 0.339062 0.044444 0.022917 0.055556
0 0.364583 0.079630 0.026042 0.094444
0 0.401302 0.115741 0.044271 0.094444
0 0.443229 0.175000 0.031250 0.170370
0 0.480208 0.138889 0.030208 0.094444
0 0.521875 0.205093 0.047917 0.115741
0 0.568490 0.197222 0.036979 0.122222
0 0.625521 0.262500 0.079167 0.100926
0 0.512240 0.066667 0.034896 0.070370
0 0.546875 0.099074 0.025000 0.090741
0 0.598698 0.155556 0.026562 0.129630
0 0.683073 0.125463 0.032813 0.091667
0 0.586979 0.064352 0.017708 0.075000
