0 0.066667 0.193519 0.031250 0.135185
0 0.102604 0.252778 0.036458 0.122222
0 0.165885 0.223611 0.043229 0.119444
0 0.314844 0.247685 0.033854 0.130556
0 0.380729 0.233333 0.040625 0.137037
0 0.263281 0.189815 0.032813 0.137037
0 0.345573 0.159259 0.031771 0.125926
0 0.313281 0.120833 0.035937 0.082407
0 0.339583 0.047222 0.026042 0.059259
0 0.363542 0.081481 0.021875 0.085185
0 0.400521 0.118056 0.045833 0.089815
0 0.442969 0.179630 0.035937 0.172222
0 0.479687 0.141204 0.031250 0.099074
0 0.518229 0.239352 0.056250 0.167593
0 0.568750 0.197685 0.036458 0.126852
0 0.625781 0.262037 0.079687 0.098148
0 0.512500 0.065741 0.036458 0.062963
0 0.545833 0.101852 0.026042 0.096296
0 0.599479 0.131019 0.029167 0.084259
0 0.625000 0.126389 0.018750 0.073148
0 0.682292 0.124537 0.027083 0.086111
0 0.710156 0.122685 0.026562 0.067593
0 0.587500 0.059259 0.016667 0.074074
0 0.613281 0.059259 0.027604 0.055556
