0 0.063802 0.195833 0.030729 0.139815
0 0.099479 0.247222 0.033333 0.109259
0 0.167448 0.230556 0.040104 0.105556
0 0.128385 0.175463 0.027604 0.087963
0 0.315365 0.256019 0.041146 0.154630
0 0.373958 0.232870 0.040625 0.136111
0 0.271354 0.196296 0.028125 0.129630
0 0.344531 0.166667 0.028646 0.129630
0 0.303906 0.064352 0.029687 0.071296
0 0.338542 0.049537 0.029167 0.075000
0 0.364583 0.081481 0.020833 0.085185
0 0.401823 0.114815 0.044271 0.090741
0 0.445833 0.178241 0.038542 0.176852
0 0.480990 0.135185 0.026562 0.090741
0 0.517708 0.212963 0.063542 0.120370
0 0.626563 0.267593 0.080208 0.107407
0 0.569531 0.193981 0.031771 0.128704
0 0.511719 0.067593 0.031771 0.070370
0 0.547135 0.094907 0.028646 0.084259
0 0.599219 0.161111 0.026562 0.137037
0 0.682031 0.129630 0.026562 0.096296
0 0.588281 0.058333 0.019271 0.064815
