0 0.066667 0.190741 0.033333 0.129630
0 0.100781 0.252315 0.033854 0.115741
0 0.163802 0.237963 0.060937 0.083333
0 0.136719 0.167593 0.044271 0.066667
0 0.315365 0.231481 0.033854 0.150000
0 0.380990 0.230093 0.052604 0.125000
0 0.301823 0.062037 0.029687 0.074074
0 0.338542 0.048148 0.033333 0.072222
0 0.365365 0.084722 0.024479 0.087963
0 0.400521 0.116204 0.040625 0.093519
0 0.440625 0.157407 0.032292 0.138889
0 0.479167 0.140278 0.029167 0.108333
0 0.521615 0.212037 0.054688 0.114815
0 0.569010 0.194444 0.033854 0.122222
0 0.625781 0.266667 0.078646 0.092593
0 0.511198 0.065741 0.032813 0.062963
0 0.551042 0.091204 0.027083 0.076852
0 0.599219 0.134722 0.028646 0.089815
0 0.624479 0.126852 0.017708 0.077778
0 0.682292 0.125463 0.023958 0.087963
0 0.712500 0.120370 0.028125 0.066667
0 0.590104 0.057870 0.018750 0.069444
