0 0.064583 0.190741 0.032292 0.138889
0 0.101562 0.249537 0.038542 0.119444
0 0.163542 0.237963 0.064583 0.079630
0 0.134896 0.165278 0.032292 0.076852
0 0.101302 0.159722 0.030729 0.063889
0 0.298177 0.261574 0.041146 0.213889
0 0.376042 0.246759 0.044792 0.163889
0 0.257812 0.173611 0.026042 0.113889
0 0.300260 0.068981 0.023438 0.078704
0 0.336458 0.049537 0.029167 0.075000
0 0.362240 0.084722 0.024479 0.086111
0 0.398958 0.116204 0.044792 0.087963
0 0.439844 0.173148 0.032813 0.161111
0 0.478906 0.141204 0.035937 0.097222
0 0.515885 0.206481 0.057813 0.107407
0 0.567448 0.194907 0.039062 0.125000
0 0.627083 0.268981 0.083333 0.091667
0 0.511719 0.066204 0.032813 0.073148
0 0.548177 0.098611 0.026562 0.091667
0 0.600260 0.158333 0.030729 0.133333
0 0.625000 0.126389 0.015625 0.076852
0 0.681250 0.128241 0.026042 0.097222
0 0.712240 0.126389 0.027604 0.065741
0 0.587760 0.057870 0.019271 0.060185
