0 0.065625 0.194907 0.034375 0.136111
0 0.104167 0.250463 0.040625 0.113889
0 0.162500 0.234722 0.066667 0.087963
0 0.141406 0.169444 0.039062 0.066667
0 0.306510 0.243981 0.039062 0.143519
0 0.384115 0.233796 0.048438 0.139815
0 0.261719 0.179630 0.033854 0.114815
0 0.320833 0.117130 0.052083 0.087963
0 0.339062 0.042130 0.030208 0.056481
0 0.364063 0.082407 0.022917 0.087037
0 0.402344 0.115741 0.038021 0.100000
0 0.441927 0.171296 0.036979 0.164815
0 0.479948 0.143519 0.031771 0.094444
0 0.518229 0.211111 0.055208 0.105556
0 0.567448 0.190741 0.035937 0.124074
0 0.626042 0.265278 0.076042 0.099074
0 0.512500 0.068519 0.031250 0.059259
0 0.544271 0.106481 0.029167 0.094444
0 0.599219 0.164352 0.030729 0.143519
0 0.571615 0.085185 0.019271 0.066667
0 0.588802 0.070370 0.017188 0.090741
0 0.683333 0.130093 0.032292 0.106481
