0 0.100000 0.253704 0.042708 0.112963
0 0.066406 0.191667 0.029687 0.131481
0 0.159115 0.235185 0.064062 0.075926
0 0.106771 0.169444 0.028125 0.083333
0 0.147656 0.163426 0.045312 0.067593
0 0.314063 0.231944 0.037500 0.150926
0 0.379167 0.231019 0.052083 0.125000
0 0.259115 0.187037 0.030729 0.133333
0 0.318490 0.114815 0.048438 0.077778
0 0.342708 0.047222 0.026042 0.068519
0 0.364583 0.085648 0.023958 0.086111
0 0.405208 0.114815 0.030208 0.098148
0 0.439844 0.177315 0.031771 0.171296
0 0.484375 0.145833 0.028125 0.102778
0 0.522135 0.202315 0.042188 0.123148
0 0.567708 0.194907 0.037500 0.123148
0 0.626563 0.265278 0.078125 0.095370
0 0.511719 0.065278 0.032813 0.062037
0 0.543750 0.098148 0.027083 0.092593
0 0.569010 0.088426 0.022396 0.065741
0 0.598437 0.155093 0.026042 0.123148
0 0.680990 0.125926 0.028646 0.094444
0 0.588281 0.058796 0.018229 0.069444
