0 0.067187 0.193056 0.027083 0.132407
0 0.102344 0.250926 0.039062 0.116667
0 0.160156 0.241204 0.059896 0.084259
0 0.104167 0.162963 0.023958 0.079630
0 0.144010 0.169907 0.044271 0.060185
0 0.310937 0.229630 0.033333 0.159259
0 0.379427 0.231019 0.054688 0.136111
0 0.263542 0.176389 0.030208 0.113889
0 0.326302 0.117130 0.033854 0.080556
0 0.299219 0.068981 0.023438 0.076852
0 0.343229 0.043056 0.022917 0.063889
0 0.368490 0.083333 0.021354 0.087037
0 0.401302 0.113426 0.034896 0.089815
0 0.440885 0.179630 0.040104 0.170370
0 0.481510 0.144907 0.027604 0.091667
0 0.521354 0.209722 0.046875 0.119444
0 0.566667 0.196759 0.036458 0.132407
0 0.626042 0.266667 0.078125 0.092593
0 0.510677 0.065741 0.034896 0.068519
0 0.542969 0.102778 0.027604 0.079630
0 0.596354 0.159259 0.026042 0.133333
0 0.681250 0.124537 0.025000 0.087963
0 0.588802 0.058796 0.015104 0.063889
