0 0.100521 0.255093 0.048958 0.121296
0 0.063542 0.193056 0.034375 0.130556
0 0.161719 0.242130 0.064062 0.095370
0 0.105990 0.163426 0.031771 0.075000
0 0.144792 0.167593 0.039583 0.070370
0 0.313021 0.225000 0.041667 0.162963
0 0.376563 0.233796 0.051042 0.136111
0 0.269531 0.174537 0.027604 0.108333
0 0.345833 0.161111 0.022917 0.111111
0 0.320573 0.107870 0.031771 0.073148
0 0.360677 0.076852 0.021354 0.088889
0 0.402865 0.117593 0.034896 0.100000
0 0.443750 0.171759 0.033333 0.162037
0 0.481510 0.138889 0.028646 0.103704
0 0.522656 0.212500 0.050521 0.119444
0 0.567969 0.191667 0.035937 0.125926
0 0.625521 0.264352 0.078125 0.095370
0 0.510417 0.067593 0.034375 0.068519
0 0.545052 0.102778 0.027604 0.088889
0 0.597396 0.156481 0.027083 0.131481
0 0.684115 0.126852 0.028646 0.094444
0 0.588021 0.056019 0.020833 0.067593
