0 0.101042 0.257407 0.043750 0.088889
0 0.154427 0.219444 0.047396 0.107407
0 0.075260 0.190278 0.039062 0.060185
0 0.120573 0.177315 0.024479 0.063889
0 0.109115 0.104167 0.034896 0.050926
0 0.306250 0.243981 0.031250 0.141667
0 0.374740 0.226852 0.047396 0.109259
0 0.267708 0.182407 0.033333 0.112963
0 0.347917 0.159722 0.026042 0.097222
0 0.314323 0.122685 0.036979 0.063889
0 0.298958 0.068981 0.026042 0.080556
0 0.365625 0.074537 0.029167 0.071296
0 0.401042 0.112500 0.031250 0.102778
0 0.430729 0.100000 0.023958 0.087037
0 0.458854 0.152778 0.031250 0.088889
0 0.516406 0.194907 0.036979 0.139815
0 0.566146 0.187963 0.052083 0.124074
0 0.630729 0.263889 0.071875 0.100000
0 0.510938 0.064352 0.037500 0.062037
0 0.551042 0.088889 0.026042 0.081481
0 0.573958 0.084722 0.022917 0.067593
0 0.553125 0.026389 0.028125 0.043519
0 0.589063 0.058333 0.020833 0.068519
0 0.614844 0.058796 0.027604 0.045370
0 0.680990 0.125926 0.023438 0.096296
0 0.709635 0.120370 0.025521 0.064815
