0 0.066146 0.193056 0.035417 0.130556
0 0.107031 0.250926 0.036979 0.124074
0 0.160938 0.235648 0.066667 0.082407
0 0.308333 0.243981 0.045833 0.128704
0 0.376302 0.232870 0.054688 0.128704
0 0.265104 0.183796 0.031250 0.130556
0 0.344792 0.153241 0.022917 0.112037
0 0.320052 0.116667 0.031771 0.090741
0 0.382552 0.059259 0.023438 0.064815
0 0.405990 0.114352 0.027604 0.093519
0 0.442448 0.162037 0.031771 0.144444
0 0.479948 0.137500 0.030729 0.095370
0 0.521875 0.200463 0.042708 0.123148
0 0.569010 0.196759 0.039062 0.121296
0 0.630208 0.262037 0.079167 0.085185
0 0.512240 0.065741 0.030729 0.061111
0 0.544271 0.097222 0.026042 0.083333
0 0.598437 0.150926 0.025000 0.122222
0 0.625260 0.128241 0.025521 0.075000
0 0.682552 0.125926 0.025521 0.098148
0 0.570052 0.085185 0.022396 0.066667
0 0.588281 0.052778 0.018229 0.064815
