0 0.066146 0.189815 0.031250 0.125926
0 0.106510 0.240741 0.035937 0.122222
0 0.158073 0.234722 0.056771 0.091667
0 0.142708 0.164815 0.041667 0.066667
0 0.264323 0.183796 0.030729 0.123148
0 0.308333 0.251389 0.047917 0.110185
0 0.371094 0.232870 0.038021 0.121296
0 0.319271 0.115278 0.033333 0.086111
0 0.296875 0.070370 0.021875 0.085185
0 0.380208 0.065278 0.026042 0.073148
0 0.442448 0.176389 0.038021 0.176852
0 0.479167 0.135648 0.030208 0.100926
0 0.522135 0.205093 0.046354 0.115741
0 0.566406 0.191204 0.038021 0.132407
0 0.626302 0.267593 0.079687 0.090741
0 0.511458 0.066667 0.032292 0.062963
0 0.552344 0.093519 0.034896 0.064815
0 0.597917 0.157407 0.030208 0.133333
0 0.682813 0.125926 0.028125 0.090741
0 0.589063 0.054167 0.015625 0.060185
