0 0.068490 0.191204 0.030729 0.125000
0 0.106510 0.238889 0.035937 0.127778
0 0.162240 0.238426 0.072396 0.091667
0 0.144010 0.156019 0.042188 0.075000
0 0.312240 0.246296 0.036979 0.092593
0 0.380208 0.225463 0.045833 0.132407
0 0.261719 0.185185 0.032813 0.133333
0 0.347917 0.158333 0.025000 0.109259
0 0.319271 0.117130 0.032292 0.082407
0 0.297396 0.068981 0.025000 0.087963
0 0.380990 0.064352 0.023438 0.069444
0 0.442708 0.176389 0.033333 0.165741
0 0.478906 0.140741 0.028646 0.101852
0 0.518229 0.212037 0.048958 0.120370
0 0.565625 0.189352 0.042708 0.113889
0 0.626563 0.263889 0.072917 0.098148
0 0.510938 0.064352 0.033333 0.060185
0 0.555469 0.096759 0.022396 0.067593
0 0.598437 0.158333 0.034375 0.131481
0 0.629167 0.128704 0.022917 0.064815
0 0.574740 0.088426 0.014063 0.071296
0 0.684896 0.131019 0.034375 0.102778
0 0.551302 0.031481 0.025521 0.050000
