0 0.064844 0.192130 0.029687 0.123148
0 0.108333 0.250000 0.032292 0.122222
0 0.159896 0.237500 0.061458 0.075000
0 0.103906 0.162037 0.031771 0.070370
0 0.144531 0.157407 0.038021 0.074074
0 0.308333 0.259722 0.058333 0.091667
0 0.375781 0.237500 0.050521 0.115741
0 0.266667 0.187037 0.033333 0.116667
0 0.348438 0.156944 0.025000 0.104630
0 0.317969 0.120833 0.031771 0.084259
0 0.301563 0.074074 0.025000 0.085185
0 0.336198 0.047222 0.023438 0.059259
0 0.395833 0.112500 0.034375 0.104630
0 0.441667 0.172685 0.032292 0.158333
0 0.480208 0.140278 0.034375 0.099074
0 0.523698 0.203241 0.040104 0.126852
0 0.566667 0.194444 0.043750 0.124074
0 0.630990 0.266667 0.071354 0.088889
0 0.511979 0.065741 0.034375 0.064815
0 0.548438 0.093981 0.031250 0.067593
0 0.597396 0.156019 0.035417 0.132407
0 0.628385 0.130556 0.024479 0.057407
0 0.683333 0.126389 0.030208 0.102778
0 0.591667 0.060648 0.019792 0.065741
