0 0.068229 0.189815 0.029167 0.122222
0 0.108333 0.245370 0.031250 0.127778
0 0.163021 0.239815 0.065625 0.074074
0 0.146354 0.163426 0.039583 0.071296
0 0.105729 0.156944 0.030208 0.054630
0 0.375000 0.241667 0.042708 0.118519
0 0.267448 0.191204 0.027604 0.128704
0 0.348177 0.156481 0.029687 0.109259
0 0.299219 0.069444 0.026562 0.081481
0 0.318490 0.120370 0.027604 0.083333
0 0.338281 0.042130 0.021354 0.052778
0 0.377865 0.063889 0.019271 0.068519
0 0.401042 0.113426 0.030208 0.100926
0 0.441406 0.170370 0.030729 0.157407
0 0.479427 0.142593 0.034896 0.096296
0 0.521354 0.197685 0.041667 0.119444
0 0.564063 0.196296 0.039583 0.120370
0 0.626302 0.267130 0.079687 0.089815
0 0.511979 0.065278 0.036458 0.062037
0 0.548958 0.095370 0.029167 0.068519
0 0.595573 0.156481 0.027604 0.127778
0 0.681250 0.124074 0.022917 0.087037
0 0.710156 0.120833 0.023438 0.060185
0 0.589583 0.057407 0.019792 0.064815
