0 0.065885 0.187963 0.035937 0.125926
0 0.106771 0.240741 0.041667 0.114815
0 0.161719 0.226389 0.050521 0.097222
0 0.101823 0.154630 0.032813 0.057407
0 0.142969 0.154167 0.036979 0.056481
0 0.376563 0.241204 0.050000 0.113889
0 0.270313 0.187963 0.033333 0.127778
0 0.346615 0.158333 0.027604 0.112963
0 0.319010 0.122685 0.027604 0.093519
0 0.300781 0.064815 0.025521 0.085185
0 0.341927 0.043056 0.021354 0.056481
0 0.364323 0.075463 0.020313 0.080556
0 0.395833 0.110648 0.037500 0.110185
0 0.438281 0.165278 0.034896 0.156481
0 0.477604 0.138889 0.035417 0.098148
0 0.521615 0.208796 0.046354 0.113889
0 0.567448 0.193981 0.038021 0.125000
0 0.628385 0.265278 0.076563 0.102778
0 0.511719 0.066204 0.029687 0.063889
0 0.546615 0.093981 0.028646 0.071296
0 0.596354 0.150926 0.026042 0.116667
0 0.625000 0.118056 0.018750 0.056481
0 0.682552 0.126389 0.028646 0.089815
0 0.708854 0.118519 0.022917 0.062963
0 0.589063 0.056944 0.018750 0.060185
0 0.571615 0.086574 0.018229 0.062037
