0 0.067187 0.190278 0.038542 0.125000
0 0.109635 0.242130 0.036979 0.119444
0 0.164844 0.217593 0.051562 0.122222
0 0.311458 0.266204 0.061458 0.075000
0 0.376042 0.235648 0.057292 0.110185
0 0.270052 0.183796 0.040104 0.117593
0 0.348438 0.157870 0.034375 0.104630
0 0.319792 0.121759 0.035417 0.093519
0 0.340625 0.046759 0.028125 0.062037
0 0.364583 0.072685 0.020833 0.075000
0 0.389844 0.112037 0.024479 0.103704
0 0.440365 0.150000 0.030729 0.114815
0 0.479687 0.140278 0.038542 0.100926
0 0.523698 0.206019 0.040104 0.115741
0 0.568229 0.192593 0.040625 0.122222
0 0.626823 0.264352 0.074479 0.108333
0 0.506510 0.063426 0.032813 0.065741
0 0.541927 0.100463 0.021354 0.080556
0 0.598698 0.156019 0.030729 0.123148
0 0.682552 0.126389 0.028646 0.091667
