0 0.063281 0.190278 0.039062 0.126852
0 0.107552 0.249074 0.036979 0.127778
0 0.166667 0.214352 0.042708 0.123148
0 0.103125 0.156944 0.030208 0.058333
0 0.370833 0.237037 0.036458 0.125926
0 0.267448 0.185185 0.033854 0.124074
0 0.345052 0.159722 0.024479 0.112037
0 0.317969 0.116204 0.026562 0.086111
0 0.298177 0.067593 0.022396 0.081481
0 0.340365 0.043981 0.022396 0.065741
0 0.361458 0.078704 0.019792 0.075926
0 0.395833 0.112037 0.029167 0.111111
0 0.439583 0.159259 0.038542 0.146296
0 0.475260 0.137500 0.028646 0.100926
0 0.516927 0.202778 0.050521 0.118519
0 0.567448 0.193981 0.044271 0.115741
0 0.628385 0.266667 0.072396 0.085185
0 0.511458 0.066204 0.037500 0.063889
0 0.545833 0.098148 0.028125 0.075926
0 0.570052 0.084259 0.018229 0.064815
0 0.596094 0.152778 0.026562 0.116667
0 0.682031 0.128241 0.028646 0.097222
0 0.709635 0.121296 0.022396 0.066667
0 0.570833 0.085185 0.017708 0.072222
