0 0.059115 0.200463 0.030729 0.136111
0 0.106771 0.252315 0.034375 0.125000
0 0.169010 0.221759 0.046354 0.112037
0 0.372396 0.242593 0.041667 0.124074
0 0.267708 0.181944 0.035417 0.119444
0 0.349219 0.158796 0.029687 0.102778
0 0.297396 0.071296 0.027083 0.090741
0 0.339583 0.047222 0.028125 0.059259
0 0.361979 0.075463 0.020833 0.076852
0 0.399479 0.116667 0.033333 0.112963
0 0.440104 0.171296 0.032292 0.164815
0 0.474740 0.141667 0.024479 0.103704
0 0.511979 0.194907 0.038542 0.132407
0 0.558333 0.187037 0.036458 0.111111
0 0.623698 0.268981 0.076563 0.097222
0 0.510938 0.065278 0.031250 0.058333
0 0.545312 0.097685 0.029167 0.076852
0 0.595313 0.159259 0.031250 0.138889
0 0.683594 0.131944 0.027604 0.100926
0 0.585938 0.061111 0.016667 0.070370
