0 0.106771 0.254167 0.040625 0.119444
0 0.165104 0.221759 0.043750 0.115741
0 0.376042 0.238426 0.051042 0.115741
0 0.268750 0.185185 0.042708 0.122222
0 0.345052 0.164352 0.028646 0.100926
0 0.316927 0.124074 0.034896 0.088889
0 0.298438 0.070833 0.022917 0.087963
0 0.338281 0.045370 0.026562 0.055556
0 0.361979 0.075000 0.021875 0.083333
0 0.400000 0.117130 0.031250 0.113889
0 0.439844 0.160185 0.029687 0.137037
0 0.477083 0.142130 0.029167 0.106481
0 0.512760 0.224074 0.036979 0.174074
0 0.561198 0.193519 0.044271 0.124074
0 0.623177 0.267593 0.077604 0.092593
0 0.510417 0.066667 0.033333 0.055556
0 0.545312 0.098611 0.029167 0.069444
0 0.570573 0.086111 0.016146 0.064815
0 0.596094 0.156944 0.024479 0.128704
0 0.588802 0.062037 0.020313 0.074074
