0 0.104688 0.259722 0.037500 0.086111
0 0.157292 0.222685 0.044792 0.110185
0 0.064844 0.148611 0.021354 0.073148
0 0.104688 0.108796 0.033333 0.052778
0 0.085156 0.182407 0.029687 0.059259
0 0.316406 0.248611 0.036979 0.126852
0 0.359896 0.225463 0.040625 0.119444
0 0.267969 0.183333 0.030729 0.112963
0 0.346875 0.129630 0.026042 0.070370
0 0.315104 0.123611 0.028125 0.091667
0 0.295573 0.064815 0.021354 0.081481
0 0.630208 0.264352 0.070833 0.089815
0 0.513802 0.190278 0.029687 0.128704
0 0.546354 0.187500 0.035417 0.130556
0 0.458854 0.152315 0.028125 0.099074
0 0.410938 0.110648 0.028125 0.106481
0 0.346875 0.032870 0.034375 0.037963
0 0.366927 0.084722 0.022396 0.075000
0 0.595052 0.145833 0.024479 0.112037
0 0.545833 0.086111 0.021875 0.068519
0 0.513021 0.066204 0.035417 0.062037
0 0.549740 0.027778 0.028646 0.050000
0 0.683333 0.131481 0.030208 0.090741
0 0.711198 0.113426 0.018229 0.054630
0 0.587760 0.043056 0.015104 0.037963
0 0.611458 0.058333 0.031250 0.042593
