0 0.102083 0.262037 0.036458 0.101852
0 0.153385 0.226852 0.046354 0.116667
0 0.075781 0.188426 0.040104 0.060185
0 0.309896 0.247222 0.039583 0.148148
0 0.369271 0.228704 0.038542 0.125926
0 0.267969 0.183333 0.031771 0.114815
0 0.343229 0.158333 0.027083 0.114815
0 0.298698 0.075926 0.031771 0.074074
0 0.318490 0.123148 0.026562 0.066667
0 0.367708 0.082407 0.029167 0.072222
0 0.407031 0.116667 0.038021 0.096296
0 0.460677 0.151852 0.036979 0.090741
0 0.517708 0.195370 0.035417 0.144444
0 0.564323 0.180093 0.034896 0.113889
0 0.627604 0.260648 0.079167 0.106481
0 0.509635 0.063889 0.039062 0.066667
0 0.550521 0.086111 0.028125 0.066667
0 0.571875 0.086111 0.013542 0.068519
0 0.553906 0.029167 0.026562 0.050926
0 0.681510 0.126389 0.023438 0.089815
0 0.708594 0.118981 0.024479 0.071296
0 0.587760 0.061111 0.020313 0.072222
0 0.614844 0.058796 0.028646 0.045370
