0 0.100781 0.260648 0.034896 0.095370
0 0.155208 0.223611 0.046875 0.112037
0 0.079167 0.188889 0.031250 0.066667
0 0.118229 0.179630 0.026042 0.068519
0 0.308073 0.244444 0.029687 0.135185
0 0.371875 0.232870 0.048958 0.130556
0 0.269792 0.181944 0.029167 0.102778
0 0.341927 0.152778 0.026562 0.107407
0 0.298177 0.073148 0.027604 0.072222
0 0.345313 0.043981 0.032292 0.058333
0 0.369792 0.082407 0.029167 0.074074
0 0.419531 0.118056 0.026562 0.095370
0 0.466146 0.147685 0.030208 0.087963
0 0.514583 0.197222 0.028125 0.138889
0 0.559635 0.182407 0.041146 0.120370
0 0.624219 0.262963 0.082812 0.107407
0 0.511198 0.064815 0.036979 0.062963
0 0.548958 0.084722 0.019792 0.067593
0 0.570573 0.087500 0.020313 0.075000
0 0.551042 0.024537 0.032292 0.045370
0 0.590885 0.062500 0.020313 0.069444
0 0.617188 0.057407 0.028125 0.044444
0 0.681250 0.128704 0.027083 0.090741
0 0.709115 0.119444 0.023438 0.064815
