0 0.103125 0.259722 0.038542 0.095370
0 0.153906 0.225000 0.047396 0.107407
0 0.076563 0.191667 0.035417 0.064815
0 0.118490 0.179630 0.026562 0.064815
0 0.308073 0.244444 0.032813 0.138889
0 0.384896 0.229630 0.042708 0.125926
0 0.270052 0.183796 0.030729 0.099074
0 0.345833 0.159722 0.035417 0.100926
0 0.314844 0.128241 0.028646 0.069444
0 0.298438 0.069907 0.028125 0.076852
0 0.340625 0.049074 0.029167 0.068519
0 0.367969 0.081944 0.025521 0.075000
0 0.416146 0.115741 0.031250 0.096296
0 0.459115 0.146759 0.029687 0.087963
0 0.497917 0.196296 0.035417 0.127778
0 0.559896 0.183333 0.032292 0.122222
0 0.511198 0.064815 0.036979 0.066667
0 0.546354 0.087037 0.018750 0.077778
0 0.567187 0.087037 0.019792 0.072222
0 0.553385 0.027778 0.027604 0.044444
0 0.592187 0.058796 0.018750 0.058333
0 0.616927 0.059259 0.025521 0.048148
0 0.600521 0.129167 0.021875 0.078704
0 0.685156 0.123148 0.021354 0.087037
0 0.708854 0.118056 0.021875 0.063889
