0 0.076563 0.193519 0.035417 0.066667
0 0.106250 0.259722 0.036458 0.086111
0 0.154427 0.223148 0.050521 0.103704
0 0.308333 0.247685 0.033333 0.137963
0 0.384635 0.228704 0.050521 0.120370
0 0.267969 0.185648 0.034896 0.110185
0 0.345052 0.158796 0.033854 0.106481
0 0.313542 0.124074 0.034375 0.064815
0 0.300260 0.061111 0.027604 0.064815
0 0.343229 0.047222 0.031250 0.061111
0 0.371094 0.079630 0.022396 0.075926
0 0.410938 0.118981 0.040625 0.091667
0 0.440625 0.109259 0.016667 0.072222
0 0.460677 0.153704 0.026562 0.103704
0 0.507552 0.196759 0.036979 0.137963
0 0.561198 0.177778 0.041146 0.105556
0 0.629687 0.258796 0.073958 0.104630
0 0.510417 0.064815 0.033333 0.062963
0 0.539583 0.084722 0.021875 0.076852
0 0.567187 0.085648 0.021875 0.073148
0 0.598958 0.126852 0.025000 0.079630
0 0.625260 0.123611 0.025521 0.075000
0 0.553385 0.027778 0.024479 0.042593
0 0.588802 0.056944 0.022396 0.060185
0 0.680208 0.123148 0.023958 0.088889
0 0.708073 0.118981 0.026562 0.063889
0 0.614844 0.059722 0.026562 0.043519
