0 0.104167 0.254630 0.033333 0.081481
0 0.157292 0.221296 0.044792 0.103704
0 0.077083 0.190278 0.032292 0.060185
0 0.310677 0.246759 0.030729 0.136111
0 0.384896 0.228704 0.039583 0.116667
0 0.269792 0.183796 0.032292 0.108333
0 0.344531 0.159722 0.036979 0.100926
0 0.301823 0.061111 0.028646 0.081481
0 0.341667 0.045370 0.029167 0.066667
0 0.371875 0.081944 0.025000 0.069444
0 0.411979 0.119444 0.033333 0.100000
0 0.438802 0.107870 0.018229 0.069444
0 0.462500 0.155556 0.027083 0.103704
0 0.507292 0.194907 0.030208 0.136111
0 0.554688 0.181944 0.045833 0.089815
0 0.626042 0.261111 0.080208 0.107407
0 0.510677 0.064815 0.033854 0.061111
0 0.556250 0.029630 0.020833 0.053704
0 0.539323 0.087037 0.020313 0.077778
0 0.567448 0.087500 0.020313 0.073148
0 0.596615 0.128241 0.026562 0.082407
0 0.588021 0.055556 0.017708 0.057407
0 0.615365 0.058796 0.029687 0.043519
0 0.684115 0.124537 0.028646 0.089815
0 0.710677 0.118519 0.021354 0.066667
