0 0.103906 0.263426 0.036979 0.093519
0 0.156771 0.220833 0.045833 0.108333
0 0.076042 0.190278 0.033333 0.063889
0 0.316146 0.249537 0.038542 0.136111
0 0.385937 0.230556 0.043750 0.124074
0 0.270573 0.190741 0.032813 0.120370
0 0.343229 0.156944 0.035417 0.110185
0 0.301302 0.067593 0.026562 0.085185
0 0.341667 0.048148 0.030208 0.072222
0 0.369010 0.081944 0.021354 0.080556
0 0.411458 0.115741 0.037500 0.092593
0 0.440104 0.108796 0.017708 0.069444
0 0.462760 0.149074 0.023438 0.092593
0 0.513021 0.194444 0.030208 0.129630
0 0.547135 0.175926 0.031771 0.101852
0 0.625260 0.262500 0.082812 0.102778
0 0.509375 0.062963 0.034375 0.061111
0 0.539323 0.084259 0.022396 0.075926
0 0.565365 0.085648 0.024479 0.073148
0 0.555469 0.029630 0.026562 0.042593
0 0.591146 0.142593 0.025000 0.125926
0 0.681771 0.132870 0.025000 0.100926
0 0.709375 0.117130 0.023958 0.063889
0 0.588802 0.053241 0.020313 0.052778
0 0.614062 0.058333 0.026042 0.044444
