0 0.149219 0.223148 0.031771 0.111111
0 0.102344 0.261111 0.034896 0.087037
0 0.074219 0.191667 0.036979 0.068519
0 0.319010 0.254167 0.035937 0.132407
0 0.386458 0.234722 0.038542 0.123148
0 0.269792 0.186111 0.033333 0.111111
0 0.341667 0.155093 0.037500 0.080556
0 0.301302 0.063889 0.033854 0.087037
0 0.337500 0.043056 0.029167 0.056481
0 0.362240 0.073148 0.019271 0.088889
0 0.382552 0.072685 0.018229 0.075000
0 0.413281 0.118056 0.030729 0.095370
0 0.451302 0.152778 0.036979 0.090741
0 0.506250 0.194444 0.027083 0.135185
0 0.540365 0.182870 0.033854 0.093519
0 0.624219 0.263426 0.081771 0.102778
0 0.507031 0.063889 0.032813 0.064815
0 0.534896 0.086111 0.020833 0.083333
0 0.555469 0.031481 0.025521 0.053704
0 0.563542 0.086574 0.012500 0.069444
0 0.586719 0.142130 0.030729 0.130556
0 0.678646 0.126389 0.023958 0.089815
0 0.708594 0.122685 0.022396 0.063889
0 0.589063 0.054167 0.019792 0.054630
0 0.614844 0.058796 0.026562 0.045370
