0 0.070833 0.196296 0.040625 0.059259
0 0.104688 0.261111 0.034375 0.090741
0 0.153125 0.222685 0.054167 0.115741
0 0.316927 0.258333 0.039062 0.133333
0 0.386458 0.236111 0.044792 0.125926
0 0.267448 0.188426 0.035937 0.119444
0 0.342969 0.161111 0.034896 0.100000
0 0.309635 0.130556 0.034896 0.064815
0 0.300781 0.065278 0.028646 0.089815
0 0.334896 0.040741 0.023958 0.055556
0 0.360417 0.075926 0.025000 0.098148
0 0.405990 0.109722 0.035937 0.108333
0 0.453385 0.152778 0.032813 0.109259
0 0.501563 0.193519 0.033333 0.122222
0 0.541146 0.182407 0.037500 0.103704
0 0.631771 0.240741 0.061458 0.159259
0 0.510677 0.062500 0.039062 0.065741
0 0.549479 0.027315 0.027083 0.052778
0 0.542969 0.087963 0.023438 0.075926
0 0.582292 0.141204 0.033333 0.125000
0 0.677604 0.126389 0.025000 0.093519
0 0.706250 0.118056 0.021875 0.067593
