0 0.103125 0.260185 0.042708 0.101852
0 0.154948 0.222222 0.047396 0.114815
0 0.318490 0.258796 0.038021 0.134259
0 0.388542 0.236111 0.043750 0.114815
0 0.266927 0.187500 0.036979 0.115741
0 0.344010 0.157870 0.033854 0.102778
0 0.298698 0.064815 0.027604 0.098148
0 0.335677 0.047685 0.026562 0.067593
0 0.402604 0.113889 0.040625 0.109259
0 0.430208 0.094907 0.022917 0.091667
0 0.459375 0.156019 0.030208 0.102778
0 0.509375 0.199074 0.034375 0.142593
0 0.563802 0.191667 0.046354 0.094444
0 0.628385 0.233796 0.050521 0.150926
0 0.507812 0.064815 0.031250 0.064815
0 0.553906 0.033333 0.021354 0.061111
0 0.535417 0.091667 0.021875 0.096296
0 0.567187 0.084722 0.018750 0.069444
0 0.591667 0.119444 0.027083 0.075926
0 0.678385 0.126852 0.023438 0.087037
0 0.707812 0.120370 0.026042 0.061111
0 0.589063 0.053704 0.020833 0.050000
0 0.612240 0.056019 0.023438 0.050926
