0 0.067969 0.203704 0.031771 0.087037
0 0.104688 0.255556 0.037500 0.098148
0 0.156771 0.221759 0.045833 0.102778
0 0.315885 0.253241 0.044271 0.137963
0 0.385937 0.235185 0.041667 0.118519
0 0.267969 0.185648 0.035937 0.110185
0 0.349219 0.161111 0.029687 0.103704
0 0.300260 0.065741 0.028646 0.088889
0 0.334635 0.049537 0.028646 0.067593
0 0.401042 0.111574 0.035417 0.108333
0 0.434635 0.094444 0.031771 0.083333
0 0.513802 0.196296 0.033854 0.135185
0 0.555469 0.177315 0.043229 0.108333
0 0.630990 0.237500 0.048438 0.147222
0 0.506510 0.063889 0.030729 0.064815
0 0.534375 0.084259 0.023958 0.083333
0 0.554948 0.033333 0.020313 0.061111
0 0.567969 0.085648 0.022396 0.069444
0 0.680729 0.123611 0.026042 0.087963
0 0.708333 0.117130 0.025000 0.065741
0 0.589323 0.133333 0.025521 0.098148
0 0.615625 0.120833 0.025000 0.073148
