0 0.099740 0.259259 0.048438 0.090741
0 0.154427 0.224074 0.049479 0.112963
0 0.080729 0.137500 0.033333 0.049074
0 0.077604 0.192130 0.038542 0.058333
0 0.315365 0.252778 0.034896 0.138889
0 0.360677 0.231481 0.044271 0.137037
0 0.314323 0.121296 0.031771 0.088889
0 0.346875 0.130093 0.029167 0.080556
0 0.296875 0.064815 0.025000 0.085185
0 0.340885 0.047685 0.028646 0.067593
0 0.372656 0.078704 0.027604 0.081481
0 0.409375 0.118519 0.038542 0.087037
0 0.416146 0.050000 0.030208 0.046296
0 0.450781 0.154630 0.040104 0.083333
0 0.485156 0.140278 0.024479 0.060185
0 0.516667 0.189352 0.032292 0.130556
0 0.548177 0.181944 0.031771 0.123148
0 0.630469 0.264352 0.072396 0.097222
0 0.510677 0.065278 0.038021 0.062037
0 0.550260 0.026852 0.025521 0.048148
0 0.543490 0.084259 0.022396 0.066667
0 0.575521 0.081019 0.025000 0.047222
0 0.594271 0.143519 0.023958 0.112963
0 0.685417 0.124537 0.021875 0.086111
0 0.709115 0.118056 0.021354 0.060185
0 0.610417 0.055556 0.030208 0.048148
