0 0.102865 0.256944 0.036979 0.097222
0 0.153385 0.223611 0.042188 0.112037
0 0.071875 0.202778 0.030208 0.087037
0 0.308333 0.250000 0.038542 0.144444
0 0.388281 0.234259 0.041146 0.122222
0 0.269792 0.184722 0.031250 0.104630
0 0.351823 0.160185 0.030729 0.098148
0 0.319271 0.125000 0.037500 0.059259
0 0.334896 0.051389 0.030208 0.065741
0 0.400000 0.109722 0.037500 0.110185
0 0.433854 0.092593 0.026042 0.088889
0 0.633333 0.236574 0.046875 0.147222
0 0.460677 0.158333 0.028646 0.096296
0 0.506771 0.064815 0.025000 0.062963
0 0.533073 0.087037 0.022396 0.081481
0 0.555208 0.032407 0.020833 0.055556
0 0.565104 0.086574 0.023958 0.071296
0 0.590365 0.135185 0.021354 0.100000
0 0.614323 0.121759 0.020313 0.075000
0 0.679167 0.124537 0.023958 0.089815
0 0.707031 0.116667 0.023438 0.062963
0 0.589583 0.058333 0.020833 0.057407
0 0.610156 0.057407 0.017188 0.053704
