0 0.102083 0.256944 0.039583 0.093519
0 0.155469 0.221759 0.047396 0.108333
0 0.071094 0.200000 0.038021 0.072222
0 0.318490 0.245370 0.044271 0.129630
0 0.385156 0.237963 0.047396 0.125926
0 0.349479 0.154630 0.033333 0.100000
0 0.336458 0.050926 0.025000 0.070370
0 0.364844 0.067130 0.025521 0.076852
0 0.396094 0.110185 0.029687 0.112963
0 0.459635 0.157870 0.031771 0.104630
0 0.629948 0.239815 0.050521 0.162963
0 0.506771 0.064352 0.029167 0.065741
0 0.553646 0.033796 0.022917 0.060185
0 0.533854 0.091204 0.021875 0.091667
0 0.567187 0.087037 0.020833 0.072222
0 0.588542 0.145833 0.020833 0.112037
0 0.613542 0.121759 0.019792 0.078704
0 0.636198 0.122222 0.021354 0.070370
0 0.678125 0.125926 0.026042 0.096296
0 0.707031 0.115278 0.021354 0.065741
