0 0.101302 0.258796 0.042188 0.100926
0 0.155729 0.221759 0.048958 0.110185
0 0.321094 0.249074 0.054688 0.131481
0 0.386719 0.233333 0.046354 0.116667
0 0.351042 0.156019 0.041667 0.102778
0 0.336198 0.048611 0.029687 0.062037
0 0.362500 0.063426 0.028125 0.082407
0 0.403385 0.107407 0.041146 0.103704
0 0.450781 0.152778 0.035937 0.101852
0 0.629948 0.238889 0.055729 0.144444
0 0.510156 0.065278 0.038021 0.063889
0 0.550000 0.028704 0.028125 0.055556
0 0.544271 0.091204 0.025000 0.065741
0 0.568229 0.086111 0.017708 0.072222
0 0.590885 0.140278 0.027604 0.121296
0 0.681510 0.123611 0.027604 0.089815
0 0.709115 0.117130 0.022396 0.065741
0 0.613021 0.055093 0.026042 0.050926
