0 0.071354 0.200463 0.034375 0.087963
0 0.106250 0.257407 0.034375 0.100000
0 0.157552 0.219444 0.046354 0.109259
0 0.323958 0.249537 0.038542 0.137963
0 0.386979 0.238889 0.047917 0.118519
0 0.273177 0.186574 0.031771 0.108333
0 0.352604 0.163889 0.034375 0.098148
0 0.319010 0.124537 0.027604 0.073148
0 0.304427 0.062500 0.026562 0.087963
0 0.363281 0.070833 0.025521 0.087963
0 0.397135 0.110648 0.034896 0.112037
0 0.432812 0.100463 0.025000 0.078704
0 0.480729 0.139815 0.026042 0.109259
0 0.454167 0.155556 0.025000 0.101852
0 0.553646 0.173611 0.034375 0.117593
0 0.629948 0.228704 0.049479 0.135185
0 0.511198 0.063426 0.030729 0.069444
0 0.550781 0.031481 0.023438 0.051852
0 0.541927 0.082870 0.023438 0.054630
0 0.567969 0.086111 0.021354 0.070370
0 0.683854 0.127315 0.025000 0.091667
0 0.711198 0.120833 0.022396 0.071296
0 0.589323 0.136111 0.030729 0.103704
