0 0.103385 0.251389 0.032813 0.106481
0 0.070573 0.203704 0.029687 0.085185
0 0.158594 0.219444 0.041146 0.133333
0 0.298438 0.069444 0.028125 0.085185
0 0.271094 0.191667 0.033854 0.101852
0 0.355469 0.159259 0.030729 0.094444
0 0.319792 0.245370 0.031250 0.131481
0 0.389323 0.234259 0.034896 0.122222
0 0.341927 0.044444 0.025521 0.057407
0 0.366406 0.071296 0.021354 0.083333
0 0.406250 0.111111 0.031250 0.100000
0 0.435417 0.101389 0.020833 0.071296
0 0.453646 0.153241 0.022917 0.102778
0 0.482812 0.137037 0.027083 0.098148
0 0.519271 0.195833 0.029167 0.132407
0 0.552865 0.171759 0.035937 0.121296
0 0.620052 0.237963 0.060937 0.153704
0 0.510677 0.064815 0.029687 0.062963
0 0.551042 0.028241 0.022917 0.041667
0 0.541927 0.083796 0.024479 0.062037
0 0.569271 0.085648 0.016667 0.067593
0 0.588281 0.053241 0.017188 0.050926
0 0.590625 0.125926 0.021875 0.090741
0 0.684635 0.124537 0.025521 0.082407
0 0.710677 0.119907 0.022396 0.067593
