0 0.103385 0.253241 0.039062 0.121296
0 0.152604 0.221759 0.038542 0.136111
0 0.070573 0.207407 0.028646 0.088889
0 0.320312 0.244444 0.039583 0.135185
0 0.389062 0.233796 0.042708 0.119444
0 0.271094 0.187963 0.032813 0.101852
0 0.354427 0.162963 0.027604 0.092593
0 0.319010 0.122222 0.042188 0.072222
0 0.300781 0.068981 0.029687 0.080556
0 0.369271 0.075463 0.029167 0.078704
0 0.402865 0.112963 0.031771 0.103704
0 0.441927 0.148148 0.030729 0.111111
0 0.475000 0.139815 0.028125 0.103704
0 0.513021 0.196296 0.031250 0.129630
0 0.548698 0.181944 0.031771 0.125000
0 0.628125 0.239815 0.054167 0.153704
0 0.510938 0.064815 0.033333 0.064815
0 0.542708 0.084259 0.021875 0.070370
0 0.567708 0.084259 0.021875 0.070370
0 0.594271 0.123611 0.025000 0.078704
0 0.617448 0.123611 0.016146 0.071296
0 0.642188 0.124074 0.028125 0.066667
0 0.684115 0.123148 0.022396 0.088889
0 0.710677 0.120370 0.023438 0.068519
0 0.550000 0.025463 0.023958 0.049074
