0 0.071875 0.203704 0.030208 0.087037
0 0.105990 0.245370 0.036979 0.124074
0 0.159635 0.217130 0.042188 0.139815
0 0.317188 0.240278 0.039583 0.139815
0 0.389062 0.237500 0.042708 0.121296
0 0.353906 0.165741 0.029687 0.090741
0 0.271354 0.191667 0.031250 0.114815
0 0.319271 0.125926 0.028125 0.077778
0 0.305208 0.065278 0.026042 0.080556
0 0.369271 0.078704 0.025000 0.077778
0 0.404167 0.111574 0.031250 0.106481
0 0.441927 0.150000 0.029687 0.109259
0 0.476042 0.142593 0.030208 0.103704
0 0.515365 0.197222 0.032813 0.144444
0 0.558854 0.176852 0.039583 0.114815
0 0.625781 0.235648 0.051562 0.145370
0 0.509635 0.064815 0.033854 0.068519
0 0.540885 0.086111 0.025521 0.072222
0 0.567187 0.082407 0.022917 0.068519
0 0.592969 0.123611 0.028646 0.084259
0 0.549479 0.028704 0.026042 0.046296
0 0.617969 0.120370 0.016146 0.072222
0 0.643490 0.124537 0.028646 0.069444
0 0.679427 0.123611 0.028646 0.089815
0 0.708073 0.117593 0.023438 0.070370
