0 0.099740 0.245833 0.046354 0.117593
0 0.167969 0.212963 0.034896 0.124074
0 0.136979 0.157407 0.025000 0.090741
0 0.319531 0.244444 0.040104 0.133333
0 0.384896 0.236111 0.046875 0.116667
0 0.270833 0.188889 0.032292 0.111111
0 0.353646 0.165278 0.030208 0.091667
0 0.303125 0.066667 0.028125 0.083333
0 0.369792 0.076852 0.022917 0.083333
0 0.404167 0.110648 0.029167 0.100926
0 0.442969 0.146759 0.026562 0.110185
0 0.475000 0.142130 0.029167 0.110185
0 0.506510 0.197685 0.033854 0.126852
0 0.564063 0.187500 0.039583 0.112037
0 0.635417 0.237963 0.046875 0.140741
0 0.508333 0.063426 0.029167 0.065741
0 0.541667 0.093056 0.023958 0.078704
0 0.551042 0.026389 0.026042 0.050926
0 0.568750 0.086574 0.019792 0.073148
0 0.594531 0.123611 0.026562 0.084259
0 0.641406 0.125000 0.029687 0.068519
0 0.681250 0.125926 0.027083 0.088889
0 0.709896 0.118981 0.022917 0.067593
0 0.613281 0.056019 0.026562 0.052778
