0 0.061458 0.190741 0.035417 0.109259
0 0.136719 0.165741 0.030729 0.074074
0 0.111458 0.164352 0.030208 0.049074
0 0.102083 0.249537 0.048958 0.117593
0 0.167969 0.208796 0.040104 0.117593
0 0.304167 0.063889 0.028125 0.079630
0 0.319792 0.125000 0.023958 0.070370
0 0.270313 0.184722 0.033333 0.113889
0 0.352604 0.163426 0.033333 0.097222
0 0.315365 0.242130 0.039062 0.141667
0 0.388281 0.238426 0.038021 0.128704
0 0.341927 0.044444 0.024479 0.061111
0 0.367708 0.074074 0.025000 0.075926
0 0.402604 0.110648 0.035417 0.099074
0 0.440885 0.149074 0.031771 0.112963
0 0.474479 0.139352 0.028125 0.104630
0 0.512240 0.193981 0.033854 0.130556
0 0.622917 0.242130 0.067708 0.136111
0 0.508333 0.065741 0.035417 0.062963
0 0.541146 0.088889 0.025000 0.075926
0 0.568229 0.086111 0.019792 0.070370
0 0.552865 0.024537 0.028646 0.041667
0 0.591667 0.122222 0.023958 0.088889
0 0.681771 0.126852 0.027083 0.094444
0 0.710156 0.118519 0.024479 0.070370
0 0.588021 0.054167 0.019792 0.054630
0 0.613802 0.054167 0.025521 0.054630
