0 0.101302 0.247685 0.044271 0.119444
0 0.074740 0.187963 0.030729 0.124074
0 0.141927 0.168056 0.035937 0.063889
0 0.173437 0.220833 0.036458 0.125000
0 0.267969 0.192130 0.036979 0.117593
0 0.355990 0.164352 0.031771 0.093519
0 0.319010 0.248611 0.038021 0.150926
0 0.387760 0.235185 0.040104 0.124074
0 0.321094 0.125000 0.029687 0.075926
0 0.303906 0.062500 0.032813 0.080556
0 0.341927 0.047222 0.028646 0.064815
0 0.370312 0.075000 0.027083 0.077778
0 0.403646 0.110185 0.037500 0.096296
0 0.442708 0.148148 0.028125 0.109259
0 0.477083 0.140278 0.030208 0.102778
0 0.512760 0.194444 0.030729 0.140741
0 0.548958 0.181019 0.037500 0.125000
0 0.618490 0.246759 0.077604 0.130556
0 0.509115 0.064815 0.032813 0.064815
0 0.543490 0.085648 0.020313 0.075000
0 0.566667 0.083333 0.021875 0.072222
0 0.552344 0.024537 0.026562 0.045370
0 0.593490 0.124074 0.024479 0.081481
0 0.616667 0.120833 0.017708 0.075000
0 0.640365 0.125463 0.025521 0.073148
0 0.682031 0.123148 0.024479 0.088889
0 0.708073 0.116204 0.024479 0.067593
0 0.587240 0.056019 0.018229 0.056481
0 0.610156 0.052315 0.023438 0.054630
