0 0.101302 0.263426 0.043229 0.087963
0 0.155990 0.224537 0.049479 0.106481
0 0.078385 0.190741 0.039062 0.051852
0 0.121875 0.186111 0.023958 0.051852
0 0.083594 0.140278 0.038021 0.047222
0 0.311458 0.250000 0.035417 0.137037
0 0.360677 0.226389 0.043229 0.128704
0 0.266406 0.182870 0.030729 0.113889
0 0.318750 0.098148 0.027083 0.057407
0 0.297656 0.063889 0.025521 0.081481
0 0.342448 0.047685 0.023438 0.065741
0 0.371094 0.078241 0.026562 0.071296
0 0.411458 0.117130 0.035417 0.095370
0 0.454688 0.156944 0.036458 0.093519
0 0.515625 0.190278 0.035417 0.123148
0 0.551562 0.182870 0.031250 0.123148
0 0.626823 0.261574 0.082812 0.097222
0 0.511719 0.065278 0.039062 0.067593
0 0.545312 0.083796 0.026042 0.067593
0 0.551562 0.025463 0.027083 0.049074
0 0.684375 0.123611 0.025000 0.084259
0 0.710156 0.116204 0.022396 0.058333
0 0.586719 0.042593 0.018229 0.031481
0 0.611979 0.056944 0.031250 0.049074
0 0.574740 0.088426 0.024479 0.060185
0 0.595573 0.146759 0.022396 0.117593
0 0.617188 0.123148 0.017708 0.074074
0 0.638021 0.118056 0.020833 0.069444
