0 0.070833 0.189352 0.033333 0.117593
0 0.104688 0.246759 0.034375 0.125000
0 0.170052 0.213426 0.039062 0.128704
0 0.138281 0.168981 0.028646 0.069444
0 0.318750 0.247222 0.036458 0.144444
0 0.383073 0.232870 0.045312 0.128704
0 0.263021 0.191204 0.039583 0.119444
0 0.352083 0.163426 0.027083 0.102778
0 0.316927 0.125000 0.044271 0.068519
0 0.305208 0.059259 0.030208 0.075926
0 0.339323 0.047222 0.032813 0.064815
0 0.369531 0.076852 0.024479 0.075926
0 0.403646 0.111574 0.035417 0.100926
0 0.440104 0.151852 0.033333 0.118519
0 0.477083 0.140741 0.030208 0.100000
0 0.511458 0.192593 0.033333 0.135185
0 0.558333 0.181481 0.033333 0.122222
0 0.627344 0.242130 0.051562 0.136111
0 0.508594 0.065741 0.031771 0.066667
0 0.547396 0.086111 0.021875 0.079630
0 0.569531 0.085185 0.020313 0.072222
0 0.595833 0.125463 0.028125 0.084259
0 0.621875 0.116667 0.017708 0.064815
0 0.644792 0.124074 0.023958 0.070370
0 0.681771 0.125926 0.027083 0.090741
0 0.708594 0.120833 0.023438 0.069444
0 0.588281 0.056944 0.017188 0.062037
0 0.611198 0.053704 0.027604 0.053704
