0 0.069531 0.187500 0.026562 0.115741
0 0.100781 0.248148 0.032813 0.124074
0 0.144271 0.164815 0.027083 0.066667
0 0.175000 0.224537 0.030208 0.115741
0 0.264062 0.206481 0.033333 0.155556
0 0.310937 0.263889 0.043750 0.181481
0 0.383333 0.246759 0.047917 0.158333
0 0.346615 0.160185 0.024479 0.109259
0 0.339583 0.045370 0.035417 0.051852
0 0.370052 0.082870 0.024479 0.089815
0 0.442708 0.148611 0.029167 0.115741
0 0.474219 0.142593 0.029687 0.109259
0 0.509896 0.195833 0.033333 0.137963
0 0.560156 0.178241 0.050521 0.112037
0 0.619271 0.234259 0.071875 0.137037
0 0.509375 0.062963 0.037500 0.064815
0 0.545052 0.085185 0.025521 0.075926
0 0.568750 0.085648 0.019792 0.071296
0 0.595313 0.123148 0.026042 0.085185
0 0.640885 0.125463 0.028646 0.063889
0 0.682813 0.125926 0.023958 0.088889
0 0.707812 0.117593 0.021875 0.064815
0 0.554167 0.025000 0.021875 0.048148
