0 0.066406 0.188889 0.030729 0.122222
0 0.101562 0.248148 0.035417 0.135185
0 0.132552 0.172222 0.025521 0.090741
0 0.173437 0.225000 0.037500 0.120370
0 0.320573 0.249074 0.042188 0.140741
0 0.382552 0.236574 0.042188 0.134259
0 0.269792 0.186111 0.034375 0.135185
0 0.348438 0.159722 0.029167 0.112037
0 0.620052 0.237963 0.049479 0.146296
0 0.506771 0.198148 0.038542 0.142593
0 0.559635 0.182870 0.048438 0.117593
0 0.441927 0.153241 0.028646 0.123148
0 0.472917 0.144444 0.030208 0.105556
0 0.401042 0.111111 0.034375 0.105556
0 0.508333 0.064352 0.042708 0.069444
0 0.544792 0.088426 0.026042 0.073148
0 0.570052 0.085648 0.019271 0.069444
0 0.682552 0.125463 0.029687 0.089815
0 0.711719 0.119907 0.025521 0.063889
0 0.586979 0.056019 0.018750 0.065741
0 0.616146 0.056481 0.036458 0.053704
