0 0.068229 0.190278 0.027083 0.125000
0 0.102083 0.246759 0.031250 0.123148
0 0.135417 0.168519 0.027083 0.083333
0 0.173958 0.212500 0.037500 0.125000
0 0.271094 0.183333 0.032813 0.122222
0 0.318750 0.242130 0.040625 0.137963
0 0.350000 0.158333 0.034375 0.107407
0 0.316406 0.118519 0.030729 0.087037
0 0.343750 0.048611 0.023958 0.065741
0 0.370052 0.079167 0.024479 0.087963
0 0.405469 0.111574 0.031771 0.102778
0 0.442448 0.153241 0.031771 0.110185
0 0.477604 0.146296 0.028125 0.094444
0 0.511719 0.193519 0.034896 0.140741
0 0.554167 0.180093 0.033333 0.126852
0 0.613542 0.241667 0.040625 0.142593
0 0.508854 0.063889 0.026042 0.066667
0 0.545833 0.078241 0.023958 0.065741
0 0.568750 0.082407 0.018750 0.068519
0 0.592448 0.120370 0.024479 0.081481
0 0.616146 0.119444 0.019792 0.077778
0 0.641667 0.125463 0.026042 0.071296
0 0.682813 0.128704 0.026042 0.094444
0 0.711198 0.118981 0.021354 0.065741
0 0.587500 0.054630 0.020833 0.057407
