0 0.065885 0.185648 0.029687 0.121296
0 0.103385 0.248148 0.034896 0.120370
0 0.168229 0.210648 0.045833 0.134259
0 0.314323 0.243056 0.042188 0.137963
0 0.272396 0.186111 0.031250 0.120370
0 0.348958 0.161111 0.034375 0.101852
0 0.314583 0.119444 0.031250 0.081481
0 0.339583 0.044444 0.031250 0.057407
0 0.365625 0.073148 0.020833 0.087037
0 0.405469 0.110185 0.030729 0.103704
0 0.439583 0.153241 0.032292 0.113889
0 0.473698 0.141204 0.028646 0.102778
0 0.508333 0.193981 0.032292 0.134259
0 0.551302 0.186111 0.038021 0.135185
0 0.628646 0.247222 0.067708 0.142593
0 0.510417 0.063426 0.030208 0.065741
0 0.545052 0.082870 0.024479 0.067593
0 0.569010 0.084259 0.020313 0.064815
0 0.594531 0.122685 0.025521 0.086111
0 0.618229 0.126852 0.019792 0.085185
0 0.642969 0.125926 0.025521 0.070370
0 0.684896 0.131944 0.027083 0.095370
0 0.712500 0.121296 0.021875 0.068519
0 0.588542 0.056481 0.017708 0.059259
