0 0.059635 0.191667 0.029687 0.133333
0 0.104948 0.247685 0.032813 0.130556
0 0.169531 0.214352 0.040104 0.128704
0 0.137500 0.168981 0.023958 0.102778
0 0.316927 0.251852 0.035937 0.140741
0 0.380729 0.238889 0.043750 0.118519
0 0.271875 0.184722 0.031250 0.123148
0 0.347396 0.162963 0.026042 0.107407
0 0.302865 0.063426 0.027604 0.084259
0 0.340885 0.049537 0.030729 0.063889
0 0.368750 0.076852 0.020833 0.088889
0 0.405208 0.112500 0.029167 0.104630
0 0.439583 0.143981 0.029167 0.115741
0 0.473177 0.140278 0.029687 0.100926
0 0.509896 0.192593 0.033333 0.131481
0 0.559115 0.183333 0.053646 0.125926
0 0.628906 0.265278 0.086979 0.117593
0 0.510417 0.064352 0.038542 0.069444
0 0.546354 0.084259 0.027083 0.070370
0 0.569531 0.086574 0.017188 0.071296
0 0.594792 0.126852 0.026042 0.088889
0 0.682031 0.123611 0.025521 0.086111
0 0.709635 0.119907 0.024479 0.065741
0 0.588021 0.055093 0.018750 0.058333
0 0.610156 0.056019 0.024479 0.049074
