0 0.064323 0.188426 0.032813 0.132407
0 0.135417 0.168981 0.027083 0.093519
0 0.103646 0.248611 0.031250 0.119444
0 0.170833 0.215741 0.039583 0.133333
0 0.111719 0.159722 0.022396 0.056481
0 0.318229 0.246296 0.050000 0.133333
0 0.378385 0.232870 0.045312 0.134259
0 0.266927 0.186574 0.029687 0.117593
0 0.302083 0.066204 0.025000 0.087963
0 0.345573 0.162500 0.027604 0.099074
0 0.368490 0.079630 0.025521 0.094444
0 0.404948 0.111574 0.031771 0.110185
0 0.440885 0.154167 0.029687 0.128704
0 0.473438 0.142593 0.029167 0.105556
0 0.508854 0.188426 0.034375 0.128704
0 0.552865 0.182407 0.039062 0.125926
0 0.631250 0.267593 0.080208 0.103704
0 0.510677 0.065741 0.033854 0.081481
0 0.544010 0.083796 0.022396 0.071296
0 0.567708 0.086111 0.020833 0.070370
0 0.594271 0.127778 0.025000 0.092593
0 0.617448 0.118056 0.016146 0.075000
0 0.641406 0.125463 0.026562 0.071296
0 0.680469 0.124537 0.027604 0.089815
0 0.708854 0.116667 0.021875 0.072222
0 0.587500 0.057407 0.018750 0.061111
0 0.612240 0.057407 0.024479 0.046296
