0 0.065104 0.193056 0.030208 0.128704
0 0.136979 0.166204 0.025000 0.089815
0 0.105469 0.254630 0.033854 0.118519
0 0.168490 0.215741 0.034896 0.131481
0 0.316927 0.245370 0.031771 0.138889
0 0.381510 0.235648 0.045312 0.136111
0 0.265625 0.189815 0.032292 0.129630
0 0.347656 0.159722 0.026562 0.102778
0 0.301042 0.066667 0.025000 0.081481
0 0.318229 0.122222 0.023958 0.075926
0 0.370312 0.078704 0.020833 0.094444
0 0.403906 0.110648 0.031771 0.106481
0 0.440885 0.150926 0.032813 0.127778
0 0.473958 0.136111 0.028125 0.096296
0 0.508854 0.192130 0.033333 0.141667
0 0.553906 0.189352 0.047396 0.143519
0 0.632292 0.269907 0.085417 0.108333
0 0.508073 0.063889 0.038021 0.066667
0 0.545052 0.081944 0.026562 0.073148
0 0.568490 0.087963 0.018229 0.066667
0 0.593750 0.121296 0.026042 0.090741
0 0.615885 0.114352 0.016146 0.069444
0 0.640625 0.123611 0.028125 0.067593
0 0.681771 0.128704 0.029167 0.098148
0 0.711458 0.122222 0.022917 0.079630
0 0.588281 0.056019 0.017188 0.058333
