0 0.063021 0.186111 0.030208 0.120370
0 0.096875 0.233796 0.030208 0.130556
0 0.169531 0.214815 0.038021 0.122222
0 0.315625 0.243519 0.037500 0.150000
0 0.382031 0.233333 0.046354 0.131481
0 0.268229 0.189352 0.036458 0.130556
0 0.348698 0.162500 0.024479 0.104630
0 0.299740 0.068056 0.024479 0.086111
0 0.369010 0.076852 0.023438 0.085185
0 0.405729 0.109259 0.030208 0.098148
0 0.442188 0.147685 0.029167 0.123148
0 0.477083 0.138426 0.030208 0.095370
0 0.511979 0.186574 0.031250 0.115741
0 0.557552 0.178241 0.045312 0.115741
0 0.632552 0.271296 0.083854 0.098148
0 0.510677 0.062500 0.038021 0.060185
0 0.545312 0.081481 0.026042 0.072222
0 0.568490 0.089815 0.018229 0.072222
0 0.596094 0.127315 0.025521 0.093519
0 0.638281 0.123611 0.027604 0.065741
0 0.587240 0.055556 0.024479 0.055556
0 0.683594 0.125000 0.027604 0.094444
0 0.709635 0.116204 0.022396 0.063889
0 0.613281 0.056944 0.026562 0.049074
