0 0.065365 0.183333 0.032813 0.118519
0 0.102865 0.239352 0.033854 0.143519
0 0.168490 0.212963 0.042188 0.120370
0 0.320052 0.245833 0.042188 0.141667
0 0.379688 0.229167 0.044792 0.132407
0 0.267969 0.187037 0.032813 0.124074
0 0.297656 0.070370 0.026562 0.088889
0 0.348438 0.157407 0.028125 0.098148
0 0.372396 0.081481 0.025000 0.085185
0 0.403385 0.109722 0.029687 0.108333
0 0.441667 0.146296 0.029167 0.112963
0 0.477604 0.137500 0.033333 0.102778
0 0.518229 0.197685 0.039583 0.126852
0 0.552083 0.187963 0.033333 0.131481
0 0.630469 0.268519 0.083854 0.092593
0 0.511458 0.062963 0.030208 0.062963
0 0.543229 0.080556 0.028125 0.072222
0 0.566927 0.086574 0.019271 0.078704
0 0.596875 0.123611 0.031250 0.091667
0 0.635417 0.123148 0.025000 0.066667
0 0.680469 0.124074 0.027604 0.085185
0 0.710156 0.121296 0.022396 0.070370
0 0.586979 0.055093 0.021875 0.052778
0 0.612760 0.055093 0.027604 0.045370
