0 0.073698 0.121296 0.022396 0.040741
0 0.092188 0.180093 0.021875 0.052778
0 0.109896 0.146759 0.018750 0.032407
0 0.121094 0.190278 0.017188 0.047222
0 0.313802 0.212037 0.026562 0.062963
0 0.349479 0.198148 0.023958 0.062963
0 0.346875 0.127315 0.027083 0.050926
0 0.296094 0.048611 0.021354 0.039815
0 0.365625 0.068056 0.020833 0.041667
0 0.405990 0.081944 0.020313 0.043519
0 0.416406 0.043056 0.017188 0.032407
0 0.511719 0.156481 0.026562 0.050000
0 0.458594 0.134722 0.022396 0.049074
0 0.647135 0.239352 0.027604 0.054630
0 0.509375 0.050926 0.019792 0.040741
0 0.558594 0.018519 0.016146 0.029630
0 0.547917 0.067593 0.018750 0.037037
0 0.595313 0.106019 0.017708 0.037963
0 0.680729 0.090741 0.014583 0.031481
0 0.589583 0.038889 0.012500 0.029630
0 0.628125 0.099074 0.015625 0.027778
