0 0.085677 0.187963 0.022396 0.053704
0 0.084635 0.137500 0.019271 0.043519
0 0.310417 0.213889 0.027083 0.068519
0 0.353906 0.194907 0.027604 0.062037
0 0.327083 0.090741 0.018750 0.046296
0 0.294271 0.042130 0.018750 0.032407
0 0.345573 0.032407 0.020313 0.037037
0 0.415104 0.052778 0.017708 0.035185
0 0.459115 0.131944 0.022396 0.054630
0 0.650260 0.243056 0.029687 0.060185
0 0.511719 0.052778 0.016146 0.037037
0 0.554948 0.068981 0.017188 0.039815
0 0.578125 0.073611 0.016667 0.034259
0 0.712240 0.104630 0.014063 0.033333
0 0.590104 0.036574 0.012500 0.032407
0 0.610156 0.043981 0.011979 0.028704
