0 0.105208 0.149537 0.016667 0.039815
0 0.133594 0.130556 0.020313 0.046296
0 0.103906 0.204167 0.021354 0.058333
0 0.158073 0.178241 0.023438 0.058333
0 0.315104 0.208796 0.028125 0.063889
0 0.366667 0.190741 0.027083 0.061111
0 0.270313 0.153704 0.020833 0.055556
0 0.348438 0.137963 0.019792 0.053704
0 0.295312 0.041204 0.019792 0.034259
0 0.353906 0.042130 0.015104 0.036111
0 0.374219 0.062500 0.018229 0.039815
0 0.403385 0.084722 0.021354 0.047222
0 0.443750 0.114815 0.020833 0.051852
0 0.472396 0.110185 0.020833 0.038889
0 0.517969 0.161111 0.024479 0.053704
0 0.547917 0.149074 0.023958 0.053704
0 0.652344 0.260185 0.030729 0.057407
0 0.514323 0.057870 0.014063 0.034259
0 0.545312 0.062500 0.016667 0.036111
0 0.570573 0.068056 0.017188 0.032407
0 0.600521 0.103241 0.017708 0.039815
0 0.638802 0.109722 0.014063 0.037963
0 0.684115 0.096296 0.013021 0.033333
0 0.560677 0.020833 0.014063 0.030556
0 0.589844 0.041204 0.013021 0.028704
0 0.652604 0.084259 0.013542 0.027778
0 0.710417 0.105556 0.012500 0.033333
