0 0.104688 0.143056 0.016667 0.043519
0 0.148438 0.155556 0.016667 0.044444
0 0.104427 0.204630 0.021354 0.057407
0 0.164844 0.190278 0.021354 0.050926
0 0.313542 0.210185 0.028125 0.057407
0 0.374219 0.192593 0.024479 0.059259
0 0.269271 0.156944 0.020833 0.052778
0 0.348438 0.139352 0.021875 0.054630
0 0.294271 0.041667 0.018750 0.029630
0 0.353906 0.043519 0.014063 0.035185
0 0.373177 0.059722 0.018229 0.043519
0 0.423958 0.048148 0.017708 0.037037
0 0.401562 0.080556 0.020833 0.044444
0 0.443490 0.117130 0.020313 0.047222
0 0.473438 0.112037 0.022917 0.038889
0 0.512240 0.159259 0.026562 0.051852
0 0.547656 0.145833 0.023438 0.052778
0 0.654167 0.258796 0.030208 0.052778
0 0.513802 0.057407 0.015104 0.033333
0 0.544271 0.062037 0.015625 0.035185
0 0.570052 0.067593 0.016146 0.031481
0 0.599740 0.102315 0.017188 0.037963
0 0.638542 0.109722 0.015625 0.034259
0 0.680469 0.093981 0.015104 0.032407
0 0.710677 0.104630 0.011979 0.029630
0 0.589583 0.040278 0.013542 0.028704
0 0.649740 0.079167 0.013021 0.028704
0 0.563281 0.022222 0.014063 0.031481
