0 0.063802 0.166667 0.020313 0.055556
0 0.105469 0.202315 0.021354 0.063889
0 0.105729 0.150463 0.020833 0.039815
0 0.149479 0.160648 0.019792 0.045370
0 0.169010 0.187500 0.021354 0.054630
0 0.318229 0.215741 0.025000 0.062963
0 0.385937 0.202315 0.027083 0.063889
0 0.269010 0.155556 0.021354 0.053704
0 0.350260 0.140278 0.022396 0.054630
0 0.295573 0.042593 0.020313 0.031481
0 0.354427 0.045833 0.014063 0.032407
0 0.371354 0.054630 0.017708 0.040741
0 0.388802 0.031944 0.015104 0.037963
0 0.401042 0.077315 0.019792 0.045370
0 0.425781 0.048148 0.017188 0.035185
0 0.460938 0.073148 0.016667 0.044444
0 0.477344 0.115278 0.021354 0.045370
0 0.512240 0.158333 0.025521 0.053704
0 0.653125 0.262963 0.030208 0.057407
0 0.513281 0.055556 0.016146 0.035185
0 0.545833 0.062500 0.015625 0.036111
0 0.569531 0.067130 0.016146 0.032407
0 0.600260 0.100926 0.018229 0.038889
0 0.638542 0.107870 0.015625 0.034259
0 0.679167 0.095833 0.012500 0.034259
0 0.562760 0.023611 0.015104 0.030556
0 0.589063 0.038426 0.012500 0.028704
0 0.712500 0.107870 0.014583 0.032407
0 0.650260 0.080093 0.014063 0.026852
0 0.612500 0.055093 0.013542 0.030556
