0 0.064844 0.166667 0.018229 0.053704
0 0.104427 0.153704 0.019271 0.037037
0 0.148698 0.160648 0.017188 0.041667
0 0.105208 0.208333 0.019792 0.055556
0 0.168490 0.184722 0.022396 0.049074
0 0.298958 0.051852 0.017708 0.046296
0 0.270573 0.152778 0.022396 0.050000
0 0.320833 0.116667 0.022917 0.044444
0 0.350260 0.137963 0.023438 0.057407
0 0.317969 0.212500 0.026562 0.063889
0 0.388802 0.206944 0.026562 0.063889
0 0.353646 0.046759 0.013542 0.036111
0 0.371354 0.056481 0.017708 0.040741
0 0.388542 0.035648 0.014583 0.034259
0 0.399219 0.078241 0.019271 0.043519
0 0.425781 0.050926 0.015104 0.035185
0 0.442188 0.117593 0.022917 0.048148
0 0.478646 0.118056 0.020833 0.043519
0 0.513021 0.161111 0.025000 0.050000
0 0.653125 0.270370 0.031250 0.057407
0 0.513281 0.056481 0.015104 0.033333
0 0.545052 0.061574 0.016146 0.036111
0 0.570573 0.067130 0.017188 0.030556
0 0.599219 0.100926 0.016146 0.037037
0 0.639844 0.111111 0.016146 0.035185
0 0.562500 0.022222 0.014583 0.029630
0 0.589063 0.039352 0.013542 0.026852
0 0.651302 0.081019 0.013021 0.026852
0 0.679427 0.094444 0.013021 0.031481
0 0.712240 0.104167 0.010937 0.030556
0 0.612760 0.055093 0.013021 0.028704
