0 0.063542 0.170833 0.020833 0.056481
0 0.102344 0.203704 0.020313 0.057407
0 0.167448 0.182407 0.023438 0.053704
0 0.102604 0.152778 0.018750 0.037037
0 0.301042 0.053241 0.017708 0.041667
0 0.257812 0.112500 0.017708 0.049074
0 0.273177 0.155093 0.021354 0.047222
0 0.348438 0.141204 0.021875 0.052778
0 0.315625 0.209259 0.027083 0.059259
0 0.385417 0.200000 0.027083 0.057407
0 0.371354 0.057870 0.017708 0.039815
0 0.400781 0.077778 0.021354 0.042593
0 0.512760 0.161574 0.024479 0.052778
0 0.651823 0.265741 0.029687 0.053704
0 0.477344 0.113426 0.019271 0.043519
0 0.513542 0.057870 0.014583 0.034259
0 0.554688 0.017130 0.013542 0.028704
0 0.545833 0.064352 0.015625 0.036111
0 0.570573 0.067593 0.016146 0.031481
0 0.599740 0.101852 0.016146 0.038889
0 0.638802 0.107870 0.014063 0.030556
0 0.683073 0.096296 0.011979 0.031481
0 0.590104 0.038426 0.012500 0.026852
0 0.675260 0.069907 0.010937 0.023148
0 0.714063 0.106481 0.012500 0.029630
