0 0.063542 0.169444 0.021875 0.057407
0 0.099219 0.151852 0.020313 0.037037
0 0.147917 0.156481 0.019792 0.044444
0 0.103906 0.205093 0.018229 0.056481
0 0.169010 0.190278 0.022396 0.052778
0 0.315625 0.207870 0.027083 0.063889
0 0.390885 0.206019 0.025521 0.062037
0 0.270833 0.154167 0.023958 0.049074
0 0.348698 0.141667 0.021354 0.050000
0 0.320052 0.122222 0.023438 0.040741
0 0.305208 0.057407 0.019792 0.040741
0 0.371094 0.056019 0.017188 0.039815
0 0.402344 0.084259 0.019271 0.042593
0 0.473177 0.111574 0.021354 0.037963
0 0.512500 0.161574 0.025000 0.050926
0 0.646875 0.222222 0.029167 0.066667
0 0.547135 0.064352 0.018229 0.034259
0 0.569792 0.066204 0.016667 0.030556
0 0.599219 0.102315 0.018229 0.037963
0 0.620052 0.103704 0.016146 0.033333
0 0.638281 0.107870 0.016146 0.034259
0 0.684635 0.095370 0.014063 0.031481
0 0.715625 0.109259 0.014583 0.029630
0 0.553646 0.016667 0.014583 0.027778
0 0.675000 0.071296 0.011458 0.020370
