0 0.100521 0.152778 0.020833 0.040741
0 0.146094 0.148611 0.019271 0.049074
0 0.100781 0.209259 0.021354 0.055556
0 0.169531 0.189352 0.022396 0.056481
0 0.316667 0.210648 0.027083 0.060185
0 0.389583 0.204630 0.027083 0.064815
0 0.270052 0.154630 0.024479 0.046296
0 0.348958 0.140741 0.021875 0.053704
0 0.319792 0.118981 0.021875 0.043519
0 0.310677 0.057407 0.019271 0.042593
0 0.371875 0.056481 0.017708 0.040741
0 0.402865 0.080093 0.020313 0.043519
0 0.425781 0.052315 0.014063 0.034259
0 0.471615 0.111574 0.024479 0.041667
0 0.512240 0.160648 0.023438 0.052778
0 0.514323 0.056481 0.016146 0.031481
0 0.544010 0.061574 0.016146 0.034259
0 0.570833 0.068519 0.016667 0.033333
0 0.597656 0.099537 0.016146 0.034259
0 0.621094 0.106019 0.016146 0.032407
0 0.639583 0.109722 0.014583 0.036111
0 0.684375 0.097685 0.015625 0.032407
0 0.715625 0.108796 0.014583 0.030556
0 0.555729 0.020370 0.013542 0.029630
