0 0.098958 0.154630 0.017708 0.042593
0 0.133854 0.150000 0.018750 0.048148
0 0.102604 0.212037 0.019792 0.055556
0 0.169531 0.184722 0.022396 0.056481
0 0.310937 0.058796 0.018750 0.041667
0 0.270573 0.154167 0.023438 0.049074
0 0.346615 0.135648 0.022396 0.054630
0 0.318750 0.218519 0.025000 0.062963
0 0.388021 0.212037 0.023958 0.062963
0 0.372396 0.057870 0.018750 0.041667
0 0.393229 0.047222 0.016667 0.029630
0 0.403125 0.080556 0.018750 0.042593
0 0.426302 0.048148 0.016146 0.035185
0 0.471354 0.110185 0.023958 0.037037
0 0.511979 0.162037 0.023958 0.051852
0 0.645052 0.234259 0.023438 0.061111
0 0.513542 0.056481 0.015625 0.035185
0 0.545573 0.063889 0.016146 0.035185
0 0.568229 0.065278 0.013542 0.032407
0 0.559115 0.021296 0.013021 0.027778
0 0.605990 0.107407 0.017188 0.038889
0 0.640104 0.107870 0.014583 0.032407
0 0.682552 0.096296 0.014063 0.035185
0 0.715625 0.108333 0.014583 0.029630
