0 0.104167 0.212500 0.020833 0.054630
0 0.170573 0.185185 0.026562 0.059259
0 0.140365 0.151389 0.021354 0.050926
0 0.311198 0.059259 0.019271 0.042593
0 0.269271 0.153704 0.023958 0.050000
0 0.347135 0.139815 0.022396 0.053704
0 0.319792 0.216667 0.025000 0.062963
0 0.380990 0.199537 0.025521 0.058333
0 0.374479 0.061574 0.018750 0.043519
0 0.404427 0.082407 0.019271 0.044444
0 0.426563 0.050463 0.014583 0.037963
0 0.472656 0.111574 0.020313 0.037963
0 0.513281 0.161574 0.026562 0.050926
0 0.645052 0.234259 0.027604 0.059259
0 0.513802 0.056944 0.015104 0.034259
0 0.546094 0.063426 0.016146 0.034259
0 0.606771 0.106944 0.016667 0.037963
0 0.622917 0.104630 0.012500 0.035185
0 0.639844 0.109722 0.014063 0.032407
0 0.681510 0.095370 0.014063 0.029630
0 0.716146 0.108333 0.013542 0.031481
0 0.561198 0.025463 0.013021 0.026852
0 0.588021 0.039815 0.012500 0.029630
0 0.646615 0.075463 0.014063 0.028704
