0 0.104167 0.153704 0.020833 0.040741
0 0.149479 0.151389 0.017708 0.047222
0 0.104167 0.212500 0.020833 0.054630
0 0.171615 0.193056 0.021354 0.052778
0 0.316927 0.208796 0.026562 0.062037
0 0.385417 0.203704 0.025000 0.061111
0 0.267969 0.155556 0.021354 0.051852
0 0.345052 0.141667 0.019271 0.051852
0 0.311979 0.058333 0.018750 0.042593
0 0.351302 0.040278 0.014063 0.034259
0 0.373437 0.063889 0.016667 0.037037
0 0.405208 0.082870 0.018750 0.041667
0 0.425521 0.051852 0.012500 0.037037
0 0.470573 0.109722 0.023438 0.036111
0 0.513021 0.162963 0.025000 0.050000
0 0.514062 0.056944 0.013542 0.034259
0 0.545052 0.061574 0.015104 0.034259
0 0.569531 0.065741 0.015104 0.027778
0 0.604948 0.103704 0.017188 0.035185
0 0.640625 0.111574 0.012500 0.032407
0 0.683854 0.097222 0.012500 0.029630
0 0.715885 0.109722 0.014063 0.030556
0 0.561458 0.025000 0.012500 0.027778
