0 0.085938 0.188889 0.025000 0.051852
0 0.084375 0.137037 0.021875 0.044444
0 0.120313 0.188426 0.019792 0.052778
0 0.308333 0.215741 0.029167 0.070370
0 0.365104 0.197685 0.027083 0.065741
0 0.323177 0.112037 0.021354 0.050000
0 0.295052 0.044444 0.020313 0.037037
0 0.346354 0.030556 0.021875 0.042593
0 0.414062 0.050926 0.022917 0.037037
0 0.459635 0.135185 0.024479 0.055556
0 0.551302 0.151389 0.025521 0.056481
0 0.650521 0.243519 0.032292 0.057407
0 0.512500 0.054630 0.017708 0.038889
0 0.562760 0.079630 0.017188 0.038889
0 0.578646 0.076389 0.013542 0.036111
0 0.713542 0.104630 0.015625 0.035185
0 0.609635 0.045833 0.013021 0.030556
0 0.589844 0.037963 0.013021 0.031481
