0 0.063021 0.172685 0.020833 0.054630
0 0.101042 0.210185 0.020833 0.057407
0 0.175000 0.190278 0.025000 0.052778
0 0.141146 0.154167 0.018750 0.049074
0 0.105990 0.150463 0.019271 0.045370
0 0.318750 0.212500 0.025000 0.063889
0 0.384635 0.202778 0.024479 0.064815
0 0.264844 0.153241 0.023438 0.052778
0 0.348177 0.129630 0.022396 0.051852
0 0.310937 0.059722 0.019792 0.045370
0 0.353385 0.045833 0.014063 0.036111
0 0.374479 0.062037 0.018750 0.044444
0 0.400521 0.074537 0.018750 0.039815
0 0.424479 0.046296 0.016667 0.033333
0 0.477865 0.113889 0.023438 0.040741
0 0.514062 0.162037 0.026042 0.050000
0 0.513281 0.058333 0.014063 0.033333
0 0.545833 0.062963 0.015625 0.035185
0 0.570052 0.067593 0.016146 0.033333
0 0.604948 0.104630 0.015104 0.035185
0 0.627344 0.109259 0.013021 0.033333
0 0.641667 0.109722 0.013542 0.032407
0 0.685156 0.098148 0.016146 0.035185
0 0.716146 0.107870 0.015625 0.030556
0 0.566927 0.028241 0.013021 0.025000
