0 0.063281 0.172685 0.021354 0.054630
0 0.104427 0.149074 0.020313 0.042593
0 0.139844 0.153704 0.020313 0.051852
0 0.102344 0.213889 0.022396 0.057407
0 0.170313 0.182407 0.026042 0.057407
0 0.318490 0.212500 0.025521 0.067593
0 0.386198 0.204630 0.025521 0.066667
0 0.266146 0.155556 0.022917 0.055556
0 0.346615 0.129630 0.021354 0.048148
0 0.309375 0.056019 0.017708 0.039815
0 0.353385 0.046296 0.018229 0.035185
0 0.372396 0.056481 0.017708 0.042593
0 0.401302 0.078704 0.020313 0.046296
0 0.425000 0.049074 0.014583 0.038889
0 0.440365 0.115278 0.021354 0.054630
0 0.476823 0.117593 0.021354 0.044444
0 0.513542 0.162500 0.026042 0.052778
0 0.559375 0.147222 0.023958 0.050000
0 0.643229 0.228704 0.025000 0.057407
0 0.513542 0.056944 0.017708 0.037963
0 0.544531 0.060648 0.016146 0.036111
0 0.569271 0.067130 0.016667 0.034259
0 0.603385 0.102778 0.017188 0.040741
0 0.626042 0.107870 0.015625 0.039815
0 0.642188 0.109722 0.014583 0.036111
0 0.684115 0.097685 0.015104 0.032407
0 0.715365 0.107407 0.016146 0.033333
0 0.566146 0.028704 0.015625 0.027778
