0 0.063802 0.173611 0.023438 0.054630
0 0.106250 0.154167 0.018750 0.045370
0 0.145313 0.154630 0.018750 0.051852
0 0.101042 0.214352 0.021875 0.052778
0 0.169271 0.196759 0.021875 0.052778
0 0.316667 0.209259 0.027083 0.062963
0 0.384375 0.208796 0.025000 0.062037
0 0.268750 0.157870 0.022917 0.056481
0 0.346094 0.130093 0.022396 0.047222
0 0.308594 0.056944 0.018229 0.043519
0 0.352865 0.044907 0.013021 0.037963
0 0.371094 0.055556 0.018229 0.037037
0 0.402865 0.081481 0.019271 0.046296
0 0.425521 0.050463 0.017708 0.034259
0 0.440625 0.117593 0.021875 0.055556
0 0.476562 0.112963 0.019792 0.040741
0 0.514062 0.163426 0.028125 0.056481
0 0.643229 0.232407 0.026042 0.061111
0 0.511719 0.052315 0.016146 0.034259
0 0.544271 0.061111 0.016667 0.035185
0 0.569271 0.067593 0.015625 0.031481
0 0.603906 0.105556 0.018229 0.037037
0 0.624219 0.104167 0.016146 0.034259
0 0.641406 0.111111 0.015104 0.037037
0 0.684375 0.095833 0.014583 0.034259
0 0.716146 0.108796 0.016667 0.030556
0 0.566146 0.029630 0.013542 0.027778
0 0.650000 0.080093 0.015625 0.026852
