0 0.144010 0.152315 0.018229 0.047222
0 0.101302 0.214352 0.021354 0.058333
0 0.173958 0.195370 0.026042 0.055556
0 0.308594 0.205556 0.027604 0.061111
0 0.385677 0.209259 0.024479 0.061111
0 0.269010 0.157407 0.020313 0.050000
0 0.346354 0.129630 0.025000 0.048148
0 0.351042 0.045370 0.014583 0.035185
0 0.373698 0.056944 0.018229 0.037963
0 0.403646 0.083796 0.018750 0.043519
0 0.421094 0.047685 0.017188 0.036111
0 0.440625 0.113426 0.023958 0.045370
0 0.476562 0.112500 0.019792 0.043519
0 0.526563 0.168981 0.020833 0.054630
0 0.642708 0.233333 0.027083 0.061111
0 0.509115 0.050000 0.016146 0.033333
0 0.545312 0.062500 0.015625 0.034259
0 0.569010 0.066204 0.017188 0.032407
0 0.602865 0.102778 0.018229 0.035185
0 0.639583 0.108333 0.014583 0.031481
0 0.683854 0.096296 0.015625 0.031481
0 0.715365 0.107870 0.015104 0.032407
0 0.566406 0.029167 0.014063 0.026852
0 0.650000 0.081481 0.013542 0.031481
