0 0.064844 0.172222 0.021354 0.053704
0 0.145313 0.152778 0.019792 0.050000
0 0.101562 0.214815 0.023958 0.057407
0 0.173958 0.198148 0.023958 0.050000
0 0.303125 0.200926 0.030208 0.057407
0 0.383333 0.203704 0.026042 0.059259
0 0.345573 0.128704 0.023438 0.048148
0 0.266927 0.159259 0.022396 0.051852
0 0.297656 0.042593 0.020313 0.035185
0 0.375521 0.055556 0.020833 0.042593
0 0.404167 0.082407 0.020833 0.048148
0 0.440104 0.115278 0.021875 0.049074
0 0.475000 0.111574 0.020833 0.043519
0 0.528906 0.181481 0.021354 0.050000
0 0.508333 0.048611 0.015625 0.034259
0 0.545052 0.062963 0.015104 0.033333
0 0.560417 0.020370 0.013542 0.029630
0 0.569792 0.064352 0.014583 0.032407
0 0.604948 0.104167 0.015104 0.037963
0 0.639583 0.108796 0.013542 0.028704
0 0.684635 0.097685 0.014063 0.034259
0 0.666667 0.064352 0.012500 0.025000
0 0.589844 0.041667 0.014063 0.027778
0 0.715625 0.109722 0.015625 0.032407
