0 0.101562 0.212963 0.025000 0.059259
0 0.144271 0.153704 0.018750 0.046296
0 0.168750 0.185648 0.022917 0.056481
0 0.297917 0.044444 0.019792 0.035185
0 0.345833 0.129630 0.022917 0.048148
0 0.317969 0.123611 0.022396 0.041667
0 0.267448 0.159259 0.022396 0.053704
0 0.322396 0.218981 0.029167 0.058333
0 0.385937 0.205556 0.027083 0.059259
0 0.351302 0.046296 0.014063 0.035185
0 0.374219 0.057870 0.018229 0.043519
0 0.403125 0.084722 0.018750 0.045370
0 0.439583 0.113426 0.025000 0.047222
0 0.470833 0.111574 0.021875 0.045370
0 0.528646 0.183796 0.021875 0.049074
0 0.508333 0.049074 0.015625 0.033333
0 0.544531 0.062963 0.016146 0.037037
0 0.570833 0.068519 0.016667 0.033333
0 0.554948 0.017130 0.015104 0.028704
0 0.604167 0.104630 0.017708 0.040741
0 0.639844 0.110185 0.016146 0.035185
0 0.684115 0.096759 0.016146 0.034259
0 0.589063 0.037037 0.013542 0.027778
0 0.648958 0.077778 0.014583 0.027778
0 0.714844 0.108796 0.015104 0.032407
