0 0.065365 0.173611 0.021354 0.054630
0 0.101562 0.214352 0.023958 0.058333
0 0.143750 0.154630 0.017708 0.050000
0 0.167708 0.191204 0.021875 0.054630
0 0.314844 0.181481 0.028646 0.064815
0 0.381510 0.199537 0.026562 0.060185
0 0.267188 0.158333 0.022917 0.053704
0 0.345573 0.128241 0.024479 0.047222
0 0.298438 0.044907 0.020833 0.036111
0 0.351302 0.044907 0.016146 0.034259
0 0.374740 0.057407 0.020313 0.040741
0 0.402604 0.083796 0.020833 0.041667
0 0.438802 0.114352 0.022396 0.049074
0 0.469792 0.112963 0.020833 0.040741
0 0.528906 0.181481 0.023438 0.050000
0 0.642188 0.230556 0.025000 0.055556
0 0.508333 0.049074 0.015625 0.033333
0 0.545573 0.062500 0.014063 0.036111
0 0.552865 0.017130 0.015104 0.030556
0 0.570573 0.068056 0.014063 0.030556
0 0.590365 0.039352 0.011979 0.030556
0 0.612760 0.052778 0.013021 0.025926
0 0.604427 0.104167 0.016146 0.037963
0 0.639583 0.111574 0.014583 0.032407
0 0.649479 0.080093 0.013542 0.028704
0 0.683594 0.096759 0.014063 0.032407
0 0.715104 0.109722 0.013542 0.030556
