0 0.100781 0.224537 0.024479 0.054630
0 0.170313 0.186111 0.026042 0.059259
0 0.297135 0.045370 0.019271 0.031481
0 0.268490 0.161574 0.022396 0.056481
0 0.347396 0.130556 0.023958 0.046296
0 0.333073 0.214815 0.029687 0.068519
0 0.383333 0.203704 0.026042 0.059259
0 0.346875 0.035648 0.017708 0.039815
0 0.372656 0.057407 0.018229 0.038889
0 0.404687 0.081019 0.018750 0.047222
0 0.439583 0.113426 0.022917 0.047222
0 0.466927 0.117593 0.020313 0.037037
0 0.530469 0.182870 0.024479 0.052778
0 0.509115 0.048611 0.017188 0.032407
0 0.546094 0.062963 0.016146 0.038889
0 0.552344 0.019444 0.015104 0.027778
0 0.570052 0.064352 0.015104 0.034259
0 0.589063 0.036574 0.012500 0.025000
0 0.602083 0.102315 0.017708 0.037963
0 0.639844 0.107870 0.016146 0.034259
0 0.685156 0.097222 0.014063 0.031481
0 0.715104 0.109722 0.015625 0.032407
0 0.649740 0.079630 0.015104 0.027778
