0 0.108333 0.152315 0.020833 0.041667
0 0.099740 0.218056 0.023438 0.054630
0 0.170313 0.193981 0.022917 0.056481
0 0.332292 0.225000 0.026042 0.059259
0 0.384115 0.204167 0.024479 0.063889
0 0.346094 0.130093 0.022396 0.047222
0 0.296615 0.043519 0.019271 0.033333
0 0.373437 0.062037 0.019792 0.038889
0 0.403125 0.080556 0.019792 0.046296
0 0.440365 0.113889 0.023438 0.050000
0 0.466146 0.116204 0.022917 0.041667
0 0.529167 0.181944 0.022917 0.049074
0 0.509896 0.048611 0.015625 0.036111
0 0.546354 0.062963 0.015625 0.037037
0 0.569531 0.066204 0.016146 0.032407
0 0.555208 0.023148 0.014583 0.031481
0 0.596615 0.103704 0.018229 0.031481
0 0.590365 0.039815 0.014063 0.029630
0 0.638021 0.107870 0.014583 0.028704
0 0.684635 0.095833 0.015104 0.034259
0 0.607552 0.047685 0.013021 0.025000
