0 0.097656 0.213889 0.024479 0.057407
0 0.146094 0.157407 0.018229 0.051852
0 0.171354 0.190278 0.025000 0.058333
0 0.332552 0.225926 0.027604 0.057407
0 0.382031 0.200926 0.027604 0.062963
0 0.283594 0.165741 0.025521 0.051852
0 0.345573 0.131481 0.023438 0.050000
0 0.296875 0.043056 0.019792 0.032407
0 0.374219 0.063426 0.020313 0.041667
0 0.401823 0.076852 0.020313 0.042593
0 0.440365 0.113889 0.021354 0.048148
0 0.466406 0.116204 0.021354 0.039815
0 0.528646 0.181944 0.022917 0.050926
0 0.645052 0.232870 0.028646 0.060185
0 0.509375 0.049537 0.016667 0.032407
0 0.543750 0.061111 0.016667 0.037037
0 0.570052 0.067130 0.016146 0.032407
0 0.598437 0.106019 0.017708 0.034259
0 0.683854 0.096759 0.014583 0.030556
0 0.649740 0.079167 0.014063 0.030556
0 0.589583 0.041667 0.016667 0.029630
0 0.714583 0.107407 0.015625 0.031481
