0 0.086458 0.187963 0.023958 0.055556
0 0.084115 0.137500 0.021354 0.045370
0 0.103906 0.100463 0.016146 0.041667
0 0.308854 0.214352 0.028125 0.069444
0 0.372917 0.203704 0.027083 0.064815
0 0.322135 0.112037 0.021354 0.053704
0 0.301302 0.051852 0.020313 0.050000
0 0.352865 0.033796 0.018229 0.039815
0 0.366146 0.066667 0.019792 0.042593
0 0.410156 0.051852 0.019271 0.033333
0 0.461979 0.140278 0.021875 0.060185
0 0.495052 0.126852 0.019271 0.048148
0 0.553646 0.152778 0.026042 0.050000
0 0.650521 0.243056 0.029167 0.056481
0 0.514062 0.057407 0.017708 0.037037
0 0.578646 0.074074 0.014583 0.035185
0 0.609635 0.045370 0.013021 0.029630
0 0.597656 0.101389 0.018229 0.034259
0 0.680990 0.095833 0.013021 0.032407
0 0.713021 0.105093 0.015625 0.036111
0 0.560677 0.082407 0.017188 0.038889
0 0.591146 0.037500 0.013542 0.032407
