0 0.065104 0.174074 0.019792 0.055556
0 0.100260 0.211574 0.021354 0.054630
0 0.167969 0.185648 0.025521 0.054630
0 0.330469 0.226852 0.027604 0.059259
0 0.384115 0.206019 0.027604 0.060185
0 0.346094 0.130556 0.024479 0.050000
0 0.297396 0.042593 0.020833 0.033333
0 0.401823 0.076389 0.020313 0.043519
0 0.440104 0.112500 0.022917 0.050926
0 0.466667 0.110648 0.019792 0.041667
0 0.645573 0.234722 0.028646 0.058333
0 0.510156 0.048148 0.018229 0.033333
0 0.544271 0.062037 0.015625 0.033333
0 0.569792 0.064815 0.014583 0.031481
0 0.603125 0.109722 0.015625 0.032407
0 0.684375 0.097222 0.014583 0.031481
0 0.715104 0.108333 0.014583 0.031481
0 0.589583 0.039352 0.012500 0.026852
0 0.650000 0.079630 0.013542 0.029630
