0 0.097396 0.212500 0.023958 0.062037
0 0.173177 0.195370 0.023438 0.055556
0 0.330990 0.225463 0.031771 0.062037
0 0.382812 0.203241 0.027083 0.063889
0 0.346354 0.128704 0.023958 0.051852
0 0.298698 0.045370 0.019271 0.035185
0 0.340885 0.024537 0.019271 0.036111
0 0.372656 0.065741 0.018229 0.037037
0 0.403385 0.082870 0.022396 0.049074
0 0.440885 0.115278 0.021354 0.052778
0 0.465365 0.112037 0.023438 0.044444
0 0.645312 0.236111 0.026042 0.059259
0 0.509375 0.047222 0.017708 0.038889
0 0.544010 0.061111 0.016146 0.037037
0 0.569531 0.067130 0.017188 0.034259
0 0.602604 0.108796 0.017708 0.034259
0 0.684115 0.095833 0.014063 0.034259
0 0.589063 0.038889 0.014583 0.029630
