0 0.097135 0.209259 0.026562 0.064815
0 0.176042 0.190278 0.025000 0.056481
0 0.330990 0.227315 0.029687 0.060185
0 0.384115 0.206019 0.024479 0.067593
0 0.345313 0.134722 0.020833 0.052778
0 0.271094 0.158333 0.023438 0.053704
0 0.309115 0.055093 0.020313 0.045370
0 0.375000 0.068519 0.018750 0.038889
0 0.400000 0.075926 0.020833 0.040741
0 0.441406 0.114815 0.019271 0.050000
0 0.523698 0.164352 0.025521 0.056481
0 0.509635 0.048611 0.017188 0.037963
0 0.545312 0.062037 0.016667 0.037037
0 0.570052 0.067130 0.017188 0.034259
0 0.600000 0.108333 0.019792 0.037037
0 0.685677 0.097685 0.014063 0.034259
0 0.561198 0.024537 0.017188 0.032407
0 0.589063 0.039815 0.014583 0.029630
0 0.649740 0.078704 0.015104 0.029630
0 0.715104 0.109259 0.016667 0.033333
