0 0.092969 0.208333 0.024479 0.055556
0 0.175260 0.191204 0.022396 0.056481
0 0.308854 0.055556 0.018750 0.044444
0 0.270833 0.157407 0.021875 0.051852
0 0.345052 0.136574 0.021354 0.056481
0 0.331510 0.227315 0.029687 0.062037
0 0.381510 0.200926 0.026562 0.068519
0 0.337760 0.019907 0.020313 0.036111
0 0.400521 0.078241 0.020833 0.050926
0 0.441927 0.114352 0.019271 0.047222
0 0.467708 0.110648 0.021875 0.041667
0 0.523958 0.171759 0.021875 0.063889
0 0.509896 0.050000 0.017708 0.035185
0 0.545833 0.063426 0.015625 0.039815
0 0.569271 0.066204 0.015625 0.034259
0 0.604167 0.111111 0.017708 0.038889
0 0.626563 0.109259 0.015625 0.037037
0 0.642969 0.106019 0.014063 0.036111
0 0.685417 0.099537 0.014583 0.032407
0 0.589063 0.039352 0.015625 0.028704
0 0.649479 0.076389 0.014583 0.025000
0 0.715365 0.108333 0.017188 0.033333
