0 0.175000 0.193981 0.025000 0.058333
0 0.329948 0.225000 0.026562 0.057407
0 0.372396 0.196759 0.026042 0.054630
0 0.269792 0.157407 0.022917 0.053704
0 0.347656 0.137500 0.020313 0.052778
0 0.300521 0.047222 0.019792 0.037037
0 0.338542 0.026389 0.020833 0.039815
0 0.373958 0.060185 0.019792 0.044444
0 0.400000 0.079630 0.019792 0.048148
0 0.440104 0.115278 0.021875 0.049074
0 0.467448 0.112037 0.021354 0.042593
0 0.512500 0.151852 0.023958 0.059259
0 0.560417 0.157870 0.026042 0.054630
0 0.644010 0.239352 0.028646 0.056481
0 0.509635 0.049537 0.016146 0.036111
0 0.545052 0.062963 0.015104 0.037037
0 0.570573 0.067593 0.016146 0.033333
0 0.604948 0.109722 0.018229 0.036111
0 0.685677 0.097685 0.014063 0.032407
0 0.588542 0.037037 0.013542 0.029630
0 0.650260 0.079167 0.014063 0.030556
0 0.672917 0.070833 0.013542 0.030556
