0 0.147917 0.150463 0.021875 0.052778
0 0.176042 0.194907 0.025000 0.052778
0 0.307292 0.052315 0.018750 0.043519
0 0.271354 0.158796 0.021875 0.060185
0 0.347656 0.129167 0.024479 0.049074
0 0.330469 0.226852 0.027604 0.059259
0 0.371354 0.195370 0.026042 0.053704
0 0.346094 0.024074 0.019271 0.033333
0 0.375260 0.062500 0.019271 0.045370
0 0.399479 0.077315 0.021875 0.054630
0 0.440625 0.112500 0.021875 0.049074
0 0.466927 0.110185 0.019271 0.042593
0 0.511458 0.147685 0.028125 0.058333
0 0.559375 0.160648 0.027083 0.060185
0 0.509896 0.050000 0.016667 0.038889
0 0.545833 0.062500 0.015625 0.037963
0 0.571615 0.069907 0.017188 0.039815
0 0.604688 0.112037 0.016667 0.042593
0 0.625521 0.109259 0.015625 0.033333
0 0.558073 0.021296 0.015104 0.029630
0 0.588281 0.038426 0.013021 0.028704
0 0.641927 0.106019 0.013021 0.030556
0 0.685156 0.099074 0.016146 0.035185
0 0.648958 0.076852 0.015625 0.029630
