0 0.173437 0.194444 0.026042 0.055556
0 0.330729 0.225926 0.028125 0.062963
0 0.372656 0.197685 0.030729 0.063889
0 0.270313 0.152315 0.027083 0.050926
0 0.345573 0.128704 0.024479 0.048148
0 0.308594 0.051852 0.019271 0.038889
0 0.311458 0.100463 0.019792 0.043519
0 0.346875 0.030093 0.017708 0.039815
0 0.373698 0.065278 0.019271 0.043519
0 0.401823 0.070370 0.021354 0.044444
0 0.464323 0.112037 0.020313 0.042593
0 0.440885 0.113426 0.021354 0.049074
0 0.504427 0.140741 0.027604 0.055556
0 0.509375 0.050463 0.016667 0.039815
0 0.546094 0.063889 0.016146 0.035185
0 0.570833 0.067130 0.015625 0.034259
0 0.603906 0.110185 0.018229 0.040741
0 0.589063 0.038889 0.013542 0.029630
0 0.685937 0.098148 0.014583 0.033333
0 0.649740 0.080093 0.015104 0.032407
