0 0.171094 0.193056 0.025521 0.054630
0 0.330990 0.227778 0.029687 0.059259
0 0.371615 0.196296 0.028646 0.059259
0 0.270833 0.156019 0.022917 0.050926
0 0.344271 0.125926 0.023958 0.048148
0 0.302865 0.049537 0.020313 0.043519
0 0.348438 0.030556 0.018750 0.038889
0 0.402604 0.079630 0.019792 0.044444
0 0.443750 0.116667 0.018750 0.050000
0 0.465625 0.114352 0.019792 0.043519
0 0.497656 0.139815 0.026562 0.050000
0 0.643750 0.221296 0.026042 0.059259
0 0.510417 0.050463 0.016667 0.036111
0 0.546615 0.062963 0.016146 0.040741
0 0.569792 0.066667 0.015625 0.033333
0 0.604167 0.109259 0.018750 0.037037
0 0.685417 0.097222 0.014583 0.031481
0 0.589323 0.039815 0.015104 0.025926
0 0.649219 0.079630 0.015104 0.031481
