0 0.169792 0.191667 0.025000 0.051852
0 0.329948 0.225463 0.026562 0.060185
0 0.372917 0.192593 0.027083 0.050000
0 0.345313 0.128241 0.023958 0.047222
0 0.310677 0.102778 0.021354 0.048148
0 0.362760 0.062037 0.015104 0.038889
0 0.378385 0.034722 0.015104 0.036111
0 0.345313 0.028241 0.015625 0.037963
0 0.404948 0.084259 0.020313 0.046296
0 0.421615 0.062963 0.014063 0.038889
0 0.443750 0.118056 0.016667 0.047222
0 0.493750 0.139815 0.026042 0.046296
0 0.642708 0.230093 0.025000 0.058333
0 0.510677 0.050926 0.015104 0.033333
0 0.545052 0.061111 0.016146 0.035185
0 0.570833 0.069444 0.015625 0.037037
0 0.603906 0.110185 0.018229 0.033333
0 0.631510 0.116204 0.016146 0.034259
0 0.685417 0.098611 0.014583 0.036111
0 0.590365 0.041667 0.014063 0.027778
0 0.649479 0.079630 0.014583 0.031481
