0 0.167969 0.186574 0.023438 0.058333
0 0.108594 0.153241 0.023438 0.039815
0 0.329948 0.227778 0.031771 0.061111
0 0.370833 0.193519 0.028125 0.051852
0 0.312500 0.100463 0.022917 0.045370
0 0.341927 0.137037 0.022396 0.051852
0 0.345573 0.029167 0.017188 0.037963
0 0.366146 0.062500 0.015625 0.041667
0 0.397135 0.081944 0.018229 0.043519
0 0.420833 0.062963 0.014583 0.040741
0 0.478906 0.114815 0.021354 0.044444
0 0.509896 0.049537 0.016667 0.034259
0 0.545312 0.062963 0.015625 0.035185
0 0.571875 0.069444 0.015625 0.035185
0 0.604167 0.109722 0.018750 0.034259
0 0.631250 0.114352 0.017708 0.036111
0 0.685156 0.097685 0.013021 0.034259
0 0.590104 0.040278 0.016667 0.030556
0 0.650781 0.079630 0.014063 0.029630
