0 0.090365 0.181944 0.022396 0.056481
0 0.103385 0.101389 0.018229 0.036111
0 0.135417 0.161111 0.014583 0.048148
0 0.308333 0.213426 0.027083 0.075000
0 0.372396 0.206481 0.028125 0.064815
0 0.307812 0.049537 0.020833 0.045370
0 0.318490 0.102315 0.019271 0.050926
0 0.364844 0.061111 0.021354 0.042593
0 0.351302 0.140741 0.026562 0.053704
0 0.399479 0.082407 0.022917 0.048148
0 0.462240 0.138889 0.022396 0.053704
0 0.495833 0.125000 0.018750 0.046296
0 0.545573 0.145833 0.028646 0.052778
0 0.649479 0.242130 0.030208 0.062037
0 0.512500 0.051389 0.019792 0.041667
0 0.553125 0.068981 0.019792 0.041667
0 0.580729 0.073611 0.016667 0.036111
0 0.602083 0.108796 0.017708 0.041667
0 0.682813 0.096296 0.014583 0.029630
0 0.713021 0.104630 0.014583 0.033333
0 0.591146 0.036574 0.012500 0.030556
0 0.609375 0.045370 0.012500 0.029630
