0 0.162500 0.188426 0.023958 0.058333
0 0.328906 0.228241 0.029687 0.067593
0 0.371875 0.194907 0.028125 0.058333
0 0.340365 0.141204 0.024479 0.050926
0 0.313542 0.099074 0.020833 0.046296
0 0.299479 0.049074 0.019792 0.037037
0 0.345833 0.028241 0.017708 0.039815
0 0.390365 0.082870 0.020313 0.049074
0 0.479167 0.115278 0.019792 0.049074
0 0.641667 0.216667 0.027083 0.066667
0 0.510938 0.049537 0.017708 0.034259
0 0.545833 0.062500 0.016667 0.036111
0 0.570573 0.068519 0.016146 0.035185
0 0.604167 0.112037 0.018750 0.040741
0 0.685937 0.098611 0.015625 0.032407
0 0.649740 0.079630 0.015104 0.027778
0 0.590104 0.040278 0.015625 0.028704
