0 0.165104 0.186111 0.022917 0.055556
0 0.329688 0.229167 0.029167 0.062037
0 0.372917 0.193981 0.029167 0.052778
0 0.346875 0.031481 0.017708 0.038889
0 0.397917 0.089352 0.022917 0.047222
0 0.477344 0.117593 0.020313 0.051852
0 0.441927 0.117593 0.023438 0.053704
0 0.512240 0.164352 0.026562 0.056481
0 0.645833 0.236574 0.027083 0.060185
0 0.512760 0.049537 0.015104 0.034259
0 0.546354 0.062500 0.016667 0.036111
0 0.570052 0.067130 0.015104 0.034259
0 0.603385 0.111111 0.016146 0.037037
0 0.684896 0.099074 0.015625 0.031481
0 0.650260 0.079167 0.015104 0.028704
0 0.591406 0.039815 0.014063 0.027778
0 0.712240 0.106019 0.013021 0.030556
