0 0.164323 0.184722 0.021354 0.054630
0 0.108854 0.156019 0.020833 0.045370
0 0.328646 0.228704 0.030208 0.064815
0 0.374219 0.194444 0.027604 0.062963
0 0.271354 0.156944 0.023958 0.058333
0 0.326042 0.145370 0.027083 0.051852
0 0.379688 0.033333 0.017708 0.037037
0 0.364323 0.063426 0.015104 0.034259
0 0.396615 0.089352 0.021354 0.047222
0 0.476823 0.116667 0.021354 0.051852
0 0.505990 0.150463 0.024479 0.049074
0 0.570573 0.167593 0.023438 0.053704
0 0.644792 0.236574 0.025000 0.052778
0 0.512500 0.050926 0.014583 0.035185
0 0.545833 0.062037 0.016667 0.037037
0 0.569531 0.067593 0.017188 0.035185
0 0.603906 0.111574 0.018229 0.037963
0 0.685156 0.099074 0.015104 0.033333
0 0.649219 0.079167 0.016146 0.028704
