0 0.104948 0.151389 0.020313 0.045370
0 0.150260 0.146296 0.022396 0.044444
0 0.167969 0.186111 0.021354 0.059259
0 0.327604 0.228704 0.026042 0.064815
0 0.374479 0.193519 0.026042 0.051852
0 0.328385 0.143519 0.025521 0.053704
0 0.306771 0.100926 0.016667 0.040741
0 0.305208 0.056481 0.018750 0.042593
0 0.349479 0.032407 0.014583 0.038889
0 0.380469 0.032870 0.016146 0.032407
0 0.364583 0.064352 0.014583 0.034259
0 0.396875 0.086111 0.020833 0.048148
0 0.441146 0.118981 0.019792 0.049074
0 0.475521 0.115278 0.019792 0.045370
0 0.499479 0.144444 0.023958 0.046296
0 0.645312 0.232870 0.029167 0.060185
0 0.512500 0.052315 0.016667 0.037963
0 0.545312 0.062037 0.015625 0.035185
0 0.572135 0.069907 0.015104 0.036111
0 0.602083 0.112500 0.017708 0.039815
0 0.626563 0.108796 0.014583 0.034259
0 0.684896 0.097685 0.015625 0.034259
0 0.649479 0.079167 0.015625 0.026852
0 0.589844 0.040741 0.014063 0.033333
