0 0.108333 0.149537 0.022917 0.043519
0 0.153646 0.142130 0.022917 0.041667
0 0.166927 0.189815 0.019271 0.061111
0 0.326562 0.228704 0.032292 0.070370
0 0.375521 0.194907 0.027083 0.058333
0 0.330469 0.142593 0.027604 0.048148
0 0.305729 0.105093 0.020833 0.047222
0 0.299740 0.047222 0.019271 0.035185
0 0.349219 0.032870 0.016146 0.041667
0 0.371094 0.060648 0.018229 0.037963
0 0.395573 0.082870 0.021354 0.047222
0 0.441406 0.120370 0.018229 0.048148
0 0.472656 0.111111 0.020313 0.044444
0 0.498437 0.142130 0.023958 0.041667
0 0.644531 0.234259 0.027604 0.053704
0 0.512500 0.050926 0.017708 0.031481
0 0.545833 0.064352 0.016667 0.034259
0 0.571354 0.066204 0.014583 0.032407
0 0.603125 0.112037 0.017708 0.038889
0 0.640104 0.109259 0.013542 0.035185
0 0.649479 0.078704 0.014583 0.029630
0 0.562760 0.023611 0.014063 0.032407
0 0.590885 0.039815 0.014063 0.029630
