0 0.167708 0.187037 0.023958 0.061111
0 0.108594 0.150926 0.024479 0.046296
0 0.328385 0.226389 0.030729 0.063889
0 0.375000 0.197685 0.028125 0.063889
0 0.271615 0.157870 0.024479 0.060185
0 0.297135 0.043056 0.019271 0.036111
0 0.306510 0.103241 0.023438 0.047222
0 0.349219 0.033333 0.019271 0.044444
0 0.372135 0.053704 0.019271 0.035185
0 0.403646 0.085185 0.023958 0.050000
0 0.441146 0.118056 0.021875 0.049074
0 0.472917 0.111111 0.022917 0.044444
0 0.645833 0.243519 0.029167 0.059259
0 0.512240 0.052778 0.017188 0.035185
0 0.545312 0.063426 0.017708 0.037963
0 0.569271 0.067130 0.015625 0.032407
0 0.602083 0.110648 0.017708 0.039815
0 0.630729 0.116667 0.015625 0.038889
0 0.686198 0.099074 0.015104 0.035185
0 0.650000 0.079167 0.012500 0.028704
0 0.673958 0.074537 0.013542 0.028704
0 0.591146 0.043056 0.014583 0.030556
