0 0.109896 0.152315 0.020833 0.043519
0 0.141406 0.154630 0.018229 0.048148
0 0.169010 0.185185 0.022396 0.061111
0 0.303906 0.049074 0.021354 0.040741
0 0.309115 0.098148 0.020313 0.040741
0 0.338802 0.124537 0.025521 0.049074
0 0.328125 0.225463 0.031250 0.062037
0 0.379427 0.202778 0.025521 0.064815
0 0.348698 0.032870 0.016146 0.036111
0 0.372917 0.054630 0.016667 0.031481
0 0.474219 0.112037 0.020313 0.042593
0 0.440625 0.115741 0.020833 0.050000
0 0.646615 0.249537 0.027604 0.060185
0 0.511979 0.051389 0.016667 0.036111
0 0.544271 0.062963 0.014583 0.033333
0 0.571094 0.068056 0.017188 0.036111
0 0.561458 0.023148 0.015625 0.033333
0 0.601562 0.112500 0.018750 0.039815
0 0.687500 0.100000 0.016667 0.031481
0 0.590625 0.039352 0.014583 0.030556
0 0.651042 0.080093 0.016667 0.034259
