0 0.166927 0.188426 0.024479 0.063889
0 0.112500 0.151389 0.025000 0.047222
0 0.309115 0.214352 0.029687 0.063889
0 0.340625 0.131019 0.022917 0.052778
0 0.383073 0.200000 0.024479 0.062963
0 0.308073 0.103704 0.020313 0.048148
0 0.305990 0.051852 0.020313 0.042593
0 0.349479 0.034722 0.017708 0.041667
0 0.372917 0.062037 0.017708 0.042593
0 0.406510 0.094907 0.023438 0.045370
0 0.442448 0.118519 0.020313 0.050000
0 0.482031 0.120833 0.019271 0.047222
0 0.511719 0.051389 0.017188 0.036111
0 0.542969 0.065741 0.018229 0.037037
0 0.571615 0.069907 0.018229 0.036111
0 0.602865 0.113889 0.019271 0.042593
0 0.628906 0.112500 0.018229 0.036111
0 0.686979 0.100463 0.015625 0.032407
0 0.590365 0.040278 0.015104 0.026852
0 0.650000 0.078704 0.014583 0.029630
0 0.672135 0.075463 0.013021 0.028704
