0 0.070312 0.151852 0.025000 0.048148
0 0.166667 0.186111 0.020833 0.059259
0 0.308594 0.212037 0.030729 0.062963
0 0.383854 0.203241 0.025000 0.056481
0 0.340365 0.131481 0.022396 0.055556
0 0.307031 0.052778 0.017188 0.044444
0 0.308333 0.104630 0.019792 0.048148
0 0.372656 0.062963 0.020313 0.042593
0 0.407031 0.093519 0.021354 0.044444
0 0.442969 0.118056 0.020313 0.050926
0 0.648698 0.253241 0.030729 0.050926
0 0.512240 0.050926 0.016146 0.038889
0 0.550260 0.074074 0.015104 0.040741
0 0.565885 0.065278 0.014063 0.028704
0 0.602604 0.110648 0.018750 0.037963
0 0.622917 0.103241 0.014583 0.034259
0 0.687760 0.099537 0.015104 0.034259
0 0.650000 0.079167 0.015625 0.032407
0 0.565104 0.027315 0.015625 0.030556
0 0.590625 0.037500 0.015625 0.026852
