0 0.069010 0.157407 0.026562 0.057407
0 0.162760 0.194444 0.027604 0.064815
0 0.309896 0.217130 0.035417 0.063889
0 0.384896 0.200926 0.027083 0.066667
0 0.341927 0.131019 0.027604 0.063889
0 0.309896 0.101852 0.020833 0.048148
0 0.308333 0.054630 0.018750 0.038889
0 0.342448 0.021759 0.022396 0.039815
0 0.366927 0.060185 0.018229 0.038889
0 0.407813 0.094444 0.026042 0.046296
0 0.443490 0.118056 0.022396 0.052778
0 0.476562 0.116204 0.019792 0.041667
0 0.522396 0.172685 0.026042 0.056481
0 0.647396 0.253704 0.027083 0.053704
0 0.512500 0.052315 0.018750 0.037963
0 0.539844 0.051852 0.016146 0.031481
0 0.554427 0.076389 0.015104 0.039815
0 0.602344 0.110648 0.019271 0.036111
0 0.590365 0.039352 0.013021 0.030556
0 0.649740 0.080556 0.015104 0.031481
0 0.686719 0.100463 0.015104 0.036111
0 0.672396 0.074537 0.012500 0.026852
