0 0.086719 0.137500 0.019271 0.049074
0 0.104948 0.099537 0.020313 0.036111
0 0.122656 0.171759 0.018229 0.058333
0 0.075000 0.189352 0.022917 0.054630
0 0.307292 0.212500 0.026042 0.073148
0 0.369792 0.204630 0.026042 0.064815
0 0.349219 0.140741 0.026562 0.057407
0 0.298177 0.051852 0.020313 0.046296
0 0.321354 0.115278 0.020833 0.052778
0 0.351823 0.036111 0.016146 0.040741
0 0.366927 0.063426 0.018229 0.039815
0 0.425781 0.082407 0.017188 0.046296
0 0.463021 0.139815 0.023958 0.053704
0 0.649479 0.243981 0.029167 0.060185
0 0.509896 0.051389 0.017708 0.037963
0 0.682813 0.096759 0.014583 0.034259
0 0.713021 0.104630 0.014583 0.033333
0 0.590104 0.035648 0.014583 0.030556
0 0.611198 0.047685 0.015104 0.030556
