0 0.068750 0.156481 0.026042 0.050000
0 0.098177 0.221759 0.023438 0.054630
0 0.148438 0.186574 0.025000 0.058333
0 0.320052 0.209259 0.029687 0.062963
0 0.385417 0.203241 0.027083 0.058333
0 0.341927 0.126852 0.023438 0.048148
0 0.313542 0.099537 0.018750 0.045370
0 0.299479 0.046296 0.020833 0.035185
0 0.362500 0.052778 0.018750 0.038889
0 0.380469 0.032870 0.015104 0.036111
0 0.476562 0.118519 0.018750 0.042593
0 0.522917 0.163889 0.027083 0.057407
0 0.648698 0.253704 0.029687 0.055556
0 0.511979 0.050463 0.017708 0.036111
0 0.540104 0.051389 0.014583 0.030556
0 0.550781 0.073148 0.013021 0.035185
0 0.570573 0.068056 0.016146 0.036111
0 0.601042 0.107870 0.016667 0.036111
0 0.685937 0.098611 0.014583 0.034259
0 0.648698 0.078704 0.013021 0.029630
0 0.589844 0.039352 0.015104 0.030556
0 0.672917 0.072685 0.015625 0.030556
