0 0.067969 0.154630 0.023438 0.055556
0 0.097396 0.220370 0.026042 0.059259
0 0.152083 0.187500 0.027083 0.054630
0 0.341927 0.127315 0.022396 0.058333
0 0.315885 0.219444 0.028646 0.064815
0 0.375521 0.196759 0.026042 0.060185
0 0.305990 0.052315 0.019271 0.041667
0 0.346354 0.037500 0.016667 0.039815
0 0.361979 0.055093 0.016667 0.043519
0 0.385937 0.043056 0.017708 0.034259
0 0.406510 0.053241 0.016146 0.032407
0 0.407292 0.093519 0.023958 0.046296
0 0.446615 0.113889 0.021354 0.051852
0 0.478125 0.115278 0.017708 0.039815
0 0.511458 0.050463 0.014583 0.032407
0 0.532552 0.177778 0.029687 0.051852
0 0.647656 0.253241 0.029687 0.056481
0 0.539583 0.049537 0.013542 0.032407
0 0.552344 0.073148 0.015104 0.037037
0 0.571615 0.070833 0.016146 0.034259
0 0.559896 0.021759 0.014583 0.030556
0 0.590625 0.039352 0.013542 0.032407
0 0.598698 0.106944 0.019271 0.036111
0 0.649219 0.077778 0.016146 0.031481
0 0.686198 0.099074 0.015104 0.037037
