0 0.097656 0.221296 0.024479 0.051852
0 0.315365 0.216204 0.030729 0.062037
0 0.378646 0.197222 0.031250 0.057407
0 0.342448 0.127778 0.023438 0.057407
0 0.311979 0.057870 0.020833 0.037963
0 0.347396 0.040278 0.017708 0.039815
0 0.362240 0.057870 0.016146 0.039815
0 0.405990 0.051389 0.018229 0.034259
0 0.383854 0.045833 0.016667 0.037963
0 0.406771 0.093056 0.021875 0.043519
0 0.443750 0.112963 0.019792 0.048148
0 0.473177 0.111111 0.021354 0.044444
0 0.533594 0.185185 0.028646 0.053704
0 0.647656 0.253241 0.028646 0.056481
0 0.511198 0.050463 0.017188 0.036111
0 0.538542 0.047685 0.014583 0.037963
0 0.572135 0.073148 0.015104 0.035185
0 0.590104 0.039352 0.013542 0.032407
0 0.598958 0.107407 0.016667 0.031481
0 0.649479 0.077778 0.013542 0.027778
0 0.675781 0.076852 0.015104 0.033333
0 0.626563 0.107870 0.018750 0.036111
0 0.687500 0.098148 0.013542 0.033333
