0 0.096875 0.223611 0.026042 0.056481
0 0.316927 0.218519 0.029687 0.068519
0 0.372396 0.195370 0.028125 0.055556
0 0.343490 0.131481 0.021354 0.055556
0 0.308594 0.056481 0.018229 0.042593
0 0.344271 0.033796 0.018750 0.039815
0 0.363281 0.058333 0.016146 0.037037
0 0.383594 0.047685 0.017188 0.034259
0 0.404948 0.050463 0.017188 0.030556
0 0.407031 0.091204 0.024479 0.045370
0 0.532552 0.186574 0.028646 0.050926
0 0.648698 0.250926 0.030729 0.057407
0 0.511458 0.049537 0.016667 0.036111
0 0.571875 0.072685 0.017708 0.034259
0 0.591927 0.041204 0.013021 0.028704
0 0.600521 0.108796 0.017708 0.032407
0 0.625000 0.106019 0.016667 0.032407
0 0.685677 0.097222 0.016146 0.037037
0 0.649479 0.078241 0.016667 0.028704
