0 0.097396 0.150463 0.021875 0.039815
0 0.097135 0.221296 0.025521 0.048148
0 0.129167 0.157407 0.018750 0.044444
0 0.313542 0.191204 0.023958 0.063889
0 0.373437 0.196296 0.031250 0.053704
0 0.302344 0.051389 0.019271 0.036111
0 0.362500 0.062037 0.019792 0.044444
0 0.346094 0.036574 0.014063 0.036111
0 0.385417 0.050463 0.016667 0.039815
0 0.406250 0.053241 0.017708 0.032407
0 0.407031 0.093056 0.024479 0.049074
0 0.439583 0.112963 0.019792 0.037037
0 0.479167 0.115741 0.018750 0.046296
0 0.529948 0.185648 0.023438 0.052778
0 0.646354 0.253704 0.026042 0.053704
0 0.511979 0.051852 0.016667 0.037037
0 0.552344 0.075000 0.015104 0.038889
0 0.573698 0.070833 0.017188 0.034259
0 0.599740 0.108796 0.017188 0.030556
0 0.625781 0.106944 0.016146 0.032407
0 0.685677 0.097222 0.014063 0.031481
0 0.590104 0.038426 0.013542 0.028704
0 0.612500 0.047222 0.015625 0.027778
