0 0.131771 0.155093 0.020833 0.050926
0 0.097396 0.228241 0.025000 0.060185
0 0.099219 0.150463 0.020313 0.041667
0 0.294271 0.186574 0.027083 0.060185
0 0.373177 0.195370 0.028646 0.059259
0 0.298177 0.047222 0.020313 0.037037
0 0.360938 0.062037 0.018750 0.044444
0 0.406250 0.052315 0.016667 0.032407
0 0.407292 0.092130 0.022917 0.047222
0 0.439844 0.112963 0.024479 0.051852
0 0.477604 0.113889 0.020833 0.050000
0 0.531250 0.186111 0.027083 0.053704
0 0.647135 0.254630 0.027604 0.053704
0 0.511198 0.050926 0.016146 0.035185
0 0.551562 0.071296 0.016667 0.035185
0 0.572917 0.069907 0.015625 0.036111
0 0.561198 0.019444 0.015104 0.033333
0 0.598437 0.109259 0.019792 0.037037
0 0.626042 0.106019 0.014583 0.034259
0 0.683594 0.095370 0.015104 0.031481
0 0.589844 0.038426 0.013021 0.028704
0 0.650521 0.079630 0.014583 0.031481
