0 0.064323 0.155556 0.021354 0.050000
0 0.097135 0.225463 0.023438 0.052778
0 0.104167 0.151389 0.018750 0.047222
0 0.137240 0.157407 0.022396 0.042593
0 0.376823 0.201852 0.026562 0.066667
0 0.316406 0.100463 0.019271 0.041667
0 0.307031 0.056019 0.018229 0.041667
0 0.345833 0.034722 0.018750 0.037963
0 0.362240 0.064352 0.016146 0.039815
0 0.406250 0.051852 0.016667 0.033333
0 0.406771 0.091204 0.023958 0.045370
0 0.444271 0.116204 0.021875 0.049074
0 0.532292 0.186574 0.030208 0.050926
0 0.646615 0.252778 0.029687 0.057407
0 0.510677 0.051389 0.016146 0.036111
0 0.549479 0.070833 0.016667 0.034259
0 0.571875 0.070370 0.016667 0.037037
0 0.598437 0.109259 0.016667 0.033333
0 0.626042 0.106944 0.015625 0.032407
0 0.683333 0.094907 0.013542 0.032407
0 0.560677 0.021296 0.014063 0.029630
0 0.589583 0.039815 0.012500 0.027778
0 0.607292 0.043981 0.011458 0.025000
