0 0.097135 0.229630 0.026562 0.062963
0 0.144531 0.155556 0.023438 0.048148
0 0.104167 0.149537 0.020833 0.041667
0 0.321354 0.187037 0.029167 0.062963
0 0.376302 0.199074 0.027604 0.064815
0 0.318750 0.096759 0.022917 0.043519
0 0.308333 0.055093 0.019792 0.039815
0 0.363021 0.062963 0.019792 0.044444
0 0.406510 0.051852 0.019271 0.033333
0 0.344531 0.032407 0.019271 0.038889
0 0.405990 0.092593 0.023438 0.046296
0 0.444010 0.118056 0.022396 0.050926
0 0.484115 0.122685 0.019271 0.043519
0 0.524479 0.167593 0.023958 0.057407
0 0.648698 0.254167 0.033854 0.054630
0 0.510938 0.051852 0.017708 0.037037
0 0.573698 0.069907 0.017188 0.036111
0 0.544531 0.069907 0.016146 0.036111
0 0.589583 0.039352 0.012500 0.028704
0 0.600260 0.110185 0.019271 0.040741
0 0.625260 0.108796 0.017188 0.037963
0 0.683333 0.096296 0.016667 0.037037
