0 0.067708 0.160185 0.026042 0.062963
0 0.096615 0.222222 0.027604 0.053704
0 0.104688 0.147222 0.021875 0.046296
0 0.139063 0.163426 0.021875 0.050926
0 0.313542 0.187500 0.028125 0.065741
0 0.370833 0.194907 0.028125 0.060185
0 0.265104 0.150463 0.028125 0.056481
0 0.302344 0.050000 0.021354 0.037037
0 0.343750 0.032870 0.020833 0.034259
0 0.369792 0.060648 0.022917 0.047222
0 0.406510 0.052315 0.017188 0.032407
0 0.406771 0.092593 0.025000 0.046296
0 0.443490 0.121296 0.022396 0.055556
0 0.529948 0.181019 0.028646 0.054630
0 0.647135 0.255556 0.031771 0.057407
0 0.510677 0.051389 0.017188 0.036111
0 0.537240 0.044907 0.016146 0.028704
0 0.550260 0.078704 0.016146 0.037037
0 0.573438 0.070833 0.017708 0.037963
0 0.599219 0.112037 0.018229 0.035185
0 0.683854 0.095833 0.016667 0.034259
0 0.589844 0.037963 0.013021 0.029630
0 0.607031 0.046296 0.011979 0.025926
