0 0.100781 0.151389 0.023438 0.047222
0 0.135937 0.157407 0.021875 0.046296
0 0.096094 0.225463 0.023438 0.052778
0 0.313542 0.180556 0.027083 0.062963
0 0.368229 0.200000 0.029167 0.059259
0 0.271875 0.149074 0.022917 0.057407
0 0.306510 0.055093 0.017188 0.041667
0 0.320833 0.102315 0.018750 0.039815
0 0.347396 0.135648 0.021875 0.049074
0 0.342448 0.035185 0.017188 0.035185
0 0.384635 0.051852 0.016146 0.040741
0 0.406510 0.052778 0.018229 0.029630
0 0.445833 0.118981 0.020833 0.047222
0 0.529167 0.182407 0.029167 0.062963
0 0.510938 0.051852 0.016667 0.038889
0 0.550260 0.076852 0.016146 0.033333
0 0.537500 0.048611 0.014583 0.030556
0 0.573438 0.070833 0.016667 0.036111
0 0.599219 0.111111 0.016146 0.037037
0 0.627083 0.111574 0.017708 0.037963
0 0.645833 0.255556 0.032292 0.062963
0 0.589844 0.039352 0.016146 0.026852
0 0.581250 0.022685 0.013542 0.026852
0 0.607552 0.048611 0.013021 0.028704
0 0.683594 0.096759 0.015104 0.034259
