0 0.081771 0.185185 0.022917 0.057407
0 0.121615 0.173611 0.018229 0.058333
0 0.087240 0.135648 0.019271 0.045370
0 0.104427 0.098148 0.018229 0.037037
0 0.308333 0.212963 0.026042 0.068519
0 0.368229 0.205093 0.025000 0.069444
0 0.348698 0.141204 0.025521 0.052778
0 0.296615 0.055556 0.020313 0.046296
0 0.365885 0.063426 0.018229 0.041667
0 0.382292 0.045833 0.014583 0.036111
0 0.408073 0.053241 0.016146 0.030556
0 0.430729 0.083796 0.019792 0.045370
0 0.398958 0.086111 0.021875 0.044444
0 0.461458 0.133796 0.020833 0.050926
0 0.569271 0.149074 0.022917 0.050000
0 0.647396 0.243519 0.026042 0.055556
0 0.509896 0.051389 0.018750 0.036111
0 0.554688 0.068519 0.016667 0.038889
0 0.570573 0.069444 0.013021 0.035185
0 0.591146 0.041204 0.011458 0.032407
0 0.615625 0.052315 0.014583 0.032407
0 0.682292 0.095370 0.014583 0.033333
0 0.712240 0.106019 0.013021 0.036111
