0 0.141146 0.151852 0.023958 0.053704
0 0.101302 0.154630 0.022396 0.042593
0 0.367448 0.200463 0.029687 0.062037
0 0.344792 0.123611 0.021875 0.049074
0 0.320312 0.097685 0.022917 0.049074
0 0.308073 0.058333 0.019271 0.037037
0 0.384635 0.048611 0.018229 0.037963
0 0.406771 0.052315 0.017708 0.034259
0 0.405990 0.091667 0.025521 0.046296
0 0.443490 0.115741 0.020313 0.055556
0 0.476302 0.106019 0.016146 0.034259
0 0.527083 0.172222 0.027083 0.061111
0 0.646615 0.258796 0.030729 0.058333
0 0.511979 0.051852 0.017708 0.037037
0 0.536979 0.047222 0.015625 0.035185
0 0.549219 0.076852 0.017188 0.038889
0 0.573438 0.069907 0.017708 0.032407
0 0.597656 0.109259 0.018229 0.037037
0 0.684115 0.093981 0.015104 0.034259
0 0.589063 0.039815 0.014583 0.029630
0 0.628385 0.115278 0.018229 0.037963
