0 0.069271 0.162037 0.025000 0.061111
0 0.102865 0.150000 0.024479 0.053704
0 0.135937 0.157870 0.025000 0.054630
0 0.104167 0.213426 0.025000 0.054630
0 0.367448 0.209722 0.028646 0.065741
0 0.352865 0.132870 0.020313 0.050926
0 0.318750 0.097685 0.022917 0.045370
0 0.297396 0.046759 0.022917 0.041667
0 0.379167 0.045370 0.019792 0.035185
0 0.407292 0.051389 0.019792 0.034259
0 0.430469 0.078241 0.018229 0.049074
0 0.444531 0.117130 0.019271 0.050926
0 0.478906 0.109259 0.018229 0.035185
0 0.529427 0.177315 0.025521 0.054630
0 0.646875 0.258333 0.031250 0.055556
0 0.511458 0.050926 0.017708 0.038889
0 0.554167 0.075463 0.017708 0.039815
0 0.573958 0.068981 0.016667 0.030556
0 0.597656 0.108796 0.020313 0.037963
0 0.682813 0.096759 0.018750 0.037963
0 0.712760 0.106019 0.015104 0.034259
0 0.559635 0.022222 0.017188 0.031481
0 0.590625 0.039352 0.015625 0.030556
