0 0.105469 0.207407 0.023438 0.053704
0 0.102604 0.152778 0.020833 0.042593
0 0.372656 0.192593 0.028646 0.062963
0 0.349740 0.130093 0.023438 0.052778
0 0.301823 0.050926 0.019271 0.042593
0 0.379427 0.049074 0.018229 0.037037
0 0.406250 0.052778 0.019792 0.035185
0 0.463021 0.077315 0.018750 0.037963
0 0.480469 0.111111 0.021354 0.035185
0 0.528646 0.178241 0.025000 0.054630
0 0.512760 0.050926 0.015104 0.033333
0 0.554948 0.077315 0.017188 0.039815
0 0.573177 0.070370 0.016146 0.033333
0 0.591406 0.040278 0.014063 0.028704
0 0.598437 0.110185 0.017708 0.035185
0 0.647135 0.255556 0.030729 0.062963
0 0.631510 0.115741 0.016146 0.035185
0 0.683594 0.096759 0.016146 0.039815
0 0.648698 0.076852 0.016146 0.029630
