0 0.109375 0.215278 0.027083 0.063889
0 0.101302 0.151852 0.020313 0.048148
0 0.138021 0.144907 0.021875 0.050926
0 0.068490 0.161111 0.025521 0.051852
0 0.271354 0.161111 0.022917 0.055556
0 0.348177 0.131019 0.021354 0.041667
0 0.305469 0.056019 0.019271 0.043519
0 0.337760 0.034259 0.018229 0.037037
0 0.378125 0.049074 0.017708 0.037037
0 0.394792 0.085648 0.019792 0.049074
0 0.407031 0.053704 0.016146 0.031481
0 0.370573 0.211111 0.028646 0.062963
0 0.481250 0.114352 0.019792 0.041667
0 0.526302 0.171296 0.026562 0.062963
0 0.647396 0.256481 0.032292 0.059259
0 0.512760 0.051852 0.018229 0.033333
0 0.553906 0.077778 0.018229 0.038889
0 0.573958 0.070833 0.016667 0.036111
0 0.598177 0.110648 0.019271 0.034259
0 0.683854 0.094444 0.017708 0.037037
0 0.589583 0.040278 0.014583 0.026852
0 0.648698 0.080093 0.016146 0.032407
