0 0.109375 0.214352 0.023958 0.062037
0 0.139844 0.155093 0.023438 0.050926
0 0.069271 0.158796 0.021875 0.052778
0 0.104167 0.149074 0.021875 0.044444
0 0.270833 0.154630 0.022917 0.051852
0 0.372135 0.213426 0.027604 0.062037
0 0.348177 0.131944 0.023438 0.050926
0 0.305990 0.056019 0.019271 0.043519
0 0.339062 0.033796 0.017708 0.034259
0 0.378385 0.051389 0.017188 0.034259
0 0.407552 0.052778 0.019271 0.033333
0 0.400000 0.088426 0.023958 0.045370
0 0.440625 0.114352 0.021875 0.050926
0 0.526042 0.172222 0.028125 0.061111
0 0.647917 0.257870 0.033333 0.060185
0 0.512240 0.052778 0.016146 0.038889
0 0.553906 0.077315 0.017188 0.041667
0 0.541146 0.050463 0.014583 0.036111
0 0.599219 0.112500 0.019271 0.039815
0 0.682813 0.096296 0.017708 0.035185
0 0.559375 0.025926 0.014583 0.031481
0 0.590104 0.038889 0.012500 0.031481
0 0.648698 0.079167 0.014063 0.030556
0 0.629948 0.115278 0.019271 0.036111
