0 0.067448 0.161111 0.021354 0.057407
0 0.139583 0.155556 0.022917 0.048148
0 0.105729 0.217593 0.022917 0.057407
0 0.271094 0.152315 0.025521 0.054630
0 0.319531 0.098148 0.019271 0.044444
0 0.348698 0.129167 0.023438 0.052778
0 0.304688 0.054630 0.020833 0.044444
0 0.345052 0.036574 0.015104 0.037963
0 0.361458 0.055556 0.014583 0.037037
0 0.377604 0.051852 0.013542 0.033333
0 0.407813 0.053241 0.015625 0.030556
0 0.392969 0.081481 0.019271 0.040741
0 0.438802 0.111111 0.021354 0.042593
0 0.476823 0.112963 0.018229 0.038889
0 0.529427 0.179630 0.025521 0.051852
0 0.649219 0.255556 0.030729 0.057407
0 0.513021 0.052778 0.015625 0.035185
0 0.551042 0.072685 0.015625 0.037963
0 0.559896 0.024537 0.014583 0.028704
0 0.574219 0.074537 0.017188 0.037963
0 0.598437 0.109722 0.018750 0.036111
0 0.685417 0.096759 0.015625 0.036111
0 0.590625 0.038889 0.014583 0.024074
0 0.627083 0.108796 0.015625 0.034259
0 0.648698 0.079167 0.013021 0.030556
