0 0.139583 0.153241 0.016667 0.052778
0 0.102604 0.148611 0.020833 0.045370
0 0.157812 0.189815 0.022917 0.048148
0 0.110677 0.223148 0.024479 0.057407
0 0.306771 0.057407 0.019792 0.044444
0 0.266927 0.149537 0.024479 0.045370
0 0.319531 0.098611 0.019271 0.043519
0 0.347656 0.129167 0.022396 0.049074
0 0.366406 0.210185 0.030729 0.059259
0 0.344271 0.036111 0.016667 0.040741
0 0.362760 0.058333 0.015104 0.040741
0 0.389844 0.081944 0.021354 0.043519
0 0.407552 0.055556 0.019271 0.035185
0 0.438802 0.111574 0.021354 0.043519
0 0.476562 0.112037 0.020833 0.048148
0 0.527344 0.181944 0.024479 0.056481
0 0.559115 0.157407 0.026562 0.048148
0 0.647917 0.256481 0.031250 0.055556
0 0.545052 0.075000 0.018229 0.031481
0 0.573438 0.069444 0.015625 0.035185
0 0.508594 0.053241 0.020313 0.039815
0 0.598698 0.110648 0.018229 0.037963
0 0.540625 0.044444 0.015625 0.029630
0 0.560677 0.025926 0.016146 0.029630
0 0.589583 0.038889 0.013542 0.027778
0 0.607552 0.044444 0.013021 0.024074
0 0.628385 0.112500 0.015104 0.034259
0 0.683854 0.096296 0.015625 0.033333
0 0.713021 0.106944 0.011458 0.030556
