0 0.100000 0.153241 0.021875 0.045370
0 0.140104 0.150926 0.020833 0.048148
0 0.107552 0.224537 0.027604 0.056481
0 0.160938 0.192130 0.022917 0.056481
0 0.298958 0.045833 0.018750 0.037963
0 0.266667 0.151389 0.023958 0.056481
0 0.318490 0.099074 0.020313 0.050000
0 0.345573 0.128241 0.024479 0.050926
0 0.370833 0.198611 0.031250 0.056481
0 0.340625 0.031481 0.017708 0.035185
0 0.360156 0.062963 0.017188 0.042593
0 0.398438 0.083333 0.022917 0.048148
0 0.438802 0.110185 0.022396 0.048148
0 0.474740 0.111574 0.020313 0.045370
0 0.523438 0.176389 0.022917 0.054630
0 0.647135 0.256481 0.029687 0.059259
0 0.513281 0.053241 0.017188 0.034259
0 0.544010 0.077315 0.017188 0.037963
0 0.571875 0.068981 0.015625 0.039815
0 0.597396 0.109722 0.017708 0.037963
0 0.555469 0.017593 0.014063 0.029630
0 0.580208 0.019907 0.012500 0.026852
0 0.590885 0.042130 0.014063 0.030556
0 0.627083 0.112037 0.017708 0.037037
0 0.685156 0.098611 0.017188 0.036111
0 0.648958 0.078704 0.016667 0.031481
0 0.713021 0.106019 0.012500 0.036111
