0 0.107552 0.217593 0.022396 0.062963
0 0.135677 0.165741 0.020313 0.050000
0 0.161719 0.193056 0.027604 0.054630
0 0.266667 0.150000 0.022917 0.048148
0 0.347917 0.134722 0.022917 0.050926
0 0.370573 0.204167 0.030729 0.060185
0 0.295833 0.043981 0.018750 0.036111
0 0.345573 0.035648 0.014063 0.041667
0 0.359896 0.061111 0.016667 0.037037
0 0.377865 0.054167 0.014063 0.037963
0 0.400260 0.081944 0.022396 0.041667
0 0.439323 0.115278 0.020313 0.043519
0 0.478125 0.111111 0.019792 0.046296
0 0.509896 0.163426 0.023958 0.054630
0 0.559635 0.157870 0.030729 0.056481
0 0.645052 0.259259 0.028646 0.053704
0 0.514062 0.056019 0.017708 0.039815
0 0.533333 0.042593 0.015625 0.031481
0 0.546615 0.079167 0.017188 0.037963
0 0.570833 0.068056 0.015625 0.034259
0 0.598177 0.109722 0.019271 0.034259
0 0.550521 0.016667 0.014583 0.029630
0 0.590104 0.039815 0.015625 0.031481
0 0.675781 0.076852 0.014063 0.027778
