0 0.107552 0.219444 0.020313 0.055556
0 0.158854 0.194907 0.026042 0.045370
0 0.298177 0.048148 0.017188 0.040741
0 0.269531 0.154167 0.022396 0.054630
0 0.345833 0.131944 0.022917 0.047222
0 0.369010 0.205556 0.032813 0.057407
0 0.361979 0.056019 0.018750 0.037963
0 0.399219 0.083333 0.021354 0.044444
0 0.379427 0.057407 0.014063 0.035185
0 0.437240 0.112500 0.022396 0.049074
0 0.479427 0.108333 0.017188 0.038889
0 0.513802 0.056481 0.017188 0.037037
0 0.534896 0.041204 0.015625 0.032407
0 0.544531 0.076852 0.016146 0.035185
0 0.570833 0.067130 0.015625 0.032407
0 0.597656 0.110185 0.018229 0.037037
0 0.644792 0.106019 0.013542 0.034259
0 0.628646 0.115741 0.016667 0.037037
0 0.556510 0.018981 0.015104 0.032407
0 0.710677 0.103241 0.016146 0.034259
0 0.675781 0.080556 0.013021 0.024074
0 0.590104 0.040741 0.015625 0.033333
