0 0.064323 0.133333 0.023438 0.046296
0 0.085417 0.183333 0.021875 0.057407
0 0.121354 0.186574 0.019792 0.052778
0 0.107292 0.154630 0.016667 0.050000
0 0.312240 0.213426 0.028646 0.067593
0 0.351302 0.195833 0.027604 0.065741
0 0.296615 0.049074 0.020313 0.042593
0 0.648438 0.242593 0.031250 0.057407
0 0.511719 0.156019 0.027604 0.058333
0 0.461198 0.136111 0.024479 0.059259
0 0.490625 0.126389 0.020833 0.047222
0 0.408073 0.080093 0.021354 0.049074
0 0.363802 0.068519 0.018229 0.042593
0 0.540885 0.150000 0.023438 0.055556
0 0.354687 0.030556 0.019792 0.033333
0 0.508594 0.050000 0.017188 0.037037
0 0.547917 0.066204 0.019792 0.037963
0 0.583333 0.077315 0.016667 0.032407
0 0.599219 0.108796 0.016146 0.039815
0 0.626563 0.099537 0.014583 0.030556
0 0.713281 0.106481 0.013021 0.035185
0 0.677083 0.077315 0.013542 0.030556
0 0.556250 0.016667 0.016667 0.031481
0 0.604688 0.047222 0.016667 0.027778
0 0.588542 0.038426 0.014583 0.030556
