0 0.083854 0.183796 0.021875 0.052778
0 0.117969 0.174537 0.017188 0.052778
0 0.104167 0.099074 0.018750 0.033333
0 0.308854 0.210648 0.025000 0.065741
0 0.366667 0.194907 0.027083 0.050926
0 0.270833 0.159722 0.022917 0.056481
0 0.343229 0.130093 0.025000 0.052778
0 0.296615 0.056019 0.021354 0.041667
0 0.319271 0.115741 0.017708 0.051852
0 0.365365 0.063426 0.017188 0.041667
0 0.406510 0.054167 0.017188 0.032407
0 0.462500 0.129630 0.021875 0.051852
0 0.439063 0.090741 0.016667 0.048148
0 0.561198 0.149074 0.022396 0.053704
0 0.646875 0.242593 0.026042 0.053704
0 0.510156 0.051852 0.016146 0.035185
0 0.557031 0.071296 0.015104 0.035185
0 0.571094 0.068519 0.010937 0.033333
0 0.681771 0.096296 0.013542 0.033333
0 0.712500 0.106481 0.013542 0.033333
0 0.590104 0.041204 0.013542 0.028704
0 0.615885 0.052315 0.011979 0.028704
