0 0.077344 0.184259 0.022396 0.055556
0 0.116667 0.172685 0.017708 0.054630
0 0.308594 0.211574 0.026562 0.063889
0 0.364844 0.199537 0.026562 0.058333
0 0.272396 0.159259 0.022917 0.055556
0 0.342708 0.133333 0.027083 0.048148
0 0.296354 0.057870 0.019792 0.041667
0 0.319271 0.115741 0.018750 0.048148
0 0.351302 0.030556 0.017188 0.035185
0 0.382292 0.029167 0.012500 0.037963
0 0.365625 0.063889 0.018750 0.040741
0 0.409115 0.063889 0.013021 0.040741
0 0.441406 0.092593 0.016146 0.046296
0 0.466146 0.128704 0.021875 0.051852
0 0.488542 0.120370 0.017708 0.042593
0 0.550521 0.153241 0.017708 0.052778
0 0.649219 0.242130 0.029687 0.054630
0 0.510417 0.050926 0.015625 0.037037
0 0.551042 0.067130 0.015625 0.036111
0 0.569271 0.067130 0.013542 0.032407
0 0.594531 0.043056 0.011979 0.028704
0 0.616406 0.051852 0.011979 0.029630
0 0.679167 0.100463 0.012500 0.034259
0 0.712760 0.106019 0.013021 0.034259
