0 0.078646 0.186574 0.022917 0.054630
0 0.120313 0.174074 0.018750 0.048148
0 0.308333 0.209259 0.029167 0.062963
0 0.384635 0.205093 0.026562 0.067593
0 0.273177 0.162963 0.021354 0.055556
0 0.342187 0.136574 0.027083 0.049074
0 0.317448 0.116667 0.016146 0.050000
0 0.295052 0.056944 0.019271 0.043519
0 0.347396 0.032870 0.018750 0.037963
0 0.365104 0.065278 0.019792 0.041667
0 0.420312 0.092593 0.020833 0.050000
0 0.440365 0.093981 0.016146 0.047222
0 0.463021 0.125926 0.021875 0.048148
0 0.480729 0.111574 0.013542 0.041667
0 0.562240 0.151389 0.024479 0.052778
0 0.646875 0.243519 0.025000 0.053704
0 0.508594 0.050000 0.017188 0.037037
0 0.547656 0.067593 0.017188 0.037037
0 0.568229 0.065278 0.014583 0.034259
0 0.680729 0.092593 0.013542 0.031481
0 0.712500 0.106019 0.014583 0.036111
0 0.560937 0.023148 0.014583 0.033333
0 0.615885 0.053241 0.015104 0.034259
