0 0.079167 0.186111 0.022917 0.057407
0 0.119792 0.172685 0.018750 0.050926
0 0.308333 0.210185 0.026042 0.062963
0 0.386458 0.206481 0.028125 0.066667
0 0.272135 0.157407 0.023438 0.051852
0 0.341927 0.132407 0.025521 0.048148
0 0.317969 0.120370 0.017188 0.046296
0 0.369010 0.066667 0.019271 0.046296
0 0.463542 0.128704 0.020833 0.053704
0 0.561719 0.153241 0.022396 0.052778
0 0.646615 0.243519 0.025521 0.055556
0 0.509115 0.051852 0.018229 0.037037
0 0.538281 0.063426 0.017188 0.036111
0 0.570312 0.066204 0.014583 0.032407
0 0.619271 0.106481 0.013542 0.035185
0 0.681510 0.095370 0.014063 0.033333
0 0.712760 0.102778 0.014063 0.031481
0 0.560417 0.022685 0.014583 0.032407
0 0.590365 0.040741 0.011979 0.031481
