0 0.080729 0.185648 0.022917 0.054630
0 0.126042 0.168981 0.018750 0.047222
0 0.310937 0.212037 0.026042 0.066667
0 0.387760 0.209722 0.026562 0.062037
0 0.270573 0.156944 0.024479 0.054630
0 0.340885 0.135648 0.024479 0.047222
0 0.303646 0.044907 0.021875 0.037963
0 0.317969 0.119444 0.017188 0.050000
0 0.371875 0.065278 0.021875 0.045370
0 0.347396 0.033333 0.018750 0.037037
0 0.415365 0.092593 0.023438 0.050000
0 0.439844 0.097685 0.019271 0.045370
0 0.463802 0.128241 0.022396 0.049074
0 0.646875 0.242593 0.023958 0.055556
0 0.509635 0.051389 0.018229 0.036111
0 0.539583 0.064815 0.017708 0.037037
0 0.570312 0.067130 0.015625 0.036111
0 0.634635 0.102778 0.011979 0.035185
0 0.680729 0.094907 0.013542 0.030556
0 0.713021 0.104167 0.014583 0.032407
0 0.558854 0.020833 0.013542 0.030556
0 0.600781 0.025926 0.010937 0.027778
