0 0.081250 0.185185 0.026042 0.057407
0 0.117708 0.172685 0.020833 0.052778
0 0.312760 0.216204 0.028646 0.067593
0 0.385677 0.205093 0.031771 0.069444
0 0.271354 0.156481 0.023958 0.053704
0 0.302344 0.043519 0.023438 0.040741
0 0.348177 0.031944 0.019271 0.039815
0 0.366406 0.064815 0.019271 0.044444
0 0.317448 0.118981 0.019271 0.050926
0 0.416146 0.093981 0.021875 0.047222
0 0.440104 0.100463 0.017708 0.047222
0 0.464323 0.132870 0.023438 0.052778
0 0.513802 0.161574 0.023438 0.054630
0 0.544792 0.152315 0.025000 0.050926
0 0.647917 0.243056 0.025000 0.054630
0 0.509375 0.051389 0.017708 0.036111
0 0.541406 0.063426 0.018229 0.036111
0 0.571094 0.067593 0.016146 0.035185
0 0.680208 0.097222 0.014583 0.031481
0 0.711979 0.105093 0.015625 0.036111
0 0.561719 0.020833 0.015104 0.028704
