0 0.080469 0.186111 0.023438 0.053704
0 0.122396 0.168981 0.020833 0.045370
0 0.317969 0.223148 0.027604 0.066667
0 0.386719 0.210648 0.025521 0.067593
0 0.270833 0.159259 0.023958 0.050000
0 0.333854 0.133333 0.021875 0.051852
0 0.306771 0.039352 0.017708 0.039815
0 0.359896 0.048611 0.019792 0.043519
0 0.378906 0.055093 0.017188 0.039815
0 0.343229 0.032407 0.014583 0.037037
0 0.416406 0.093981 0.022396 0.050926
0 0.459115 0.131944 0.021354 0.054630
0 0.440104 0.096296 0.016667 0.046296
0 0.506771 0.156944 0.025000 0.058333
0 0.646354 0.242130 0.028125 0.058333
0 0.509896 0.050000 0.015625 0.037037
0 0.570052 0.065278 0.016146 0.032407
0 0.561979 0.018519 0.015625 0.033333
0 0.590104 0.040278 0.014583 0.030556
0 0.711458 0.106481 0.014583 0.035185
