0 0.077865 0.188426 0.024479 0.056481
0 0.125000 0.168981 0.017708 0.052778
0 0.318229 0.224074 0.027083 0.068519
0 0.386198 0.211111 0.027604 0.062963
0 0.336458 0.138426 0.019792 0.045370
0 0.271354 0.157870 0.022917 0.050926
0 0.298958 0.039352 0.020833 0.043519
0 0.337240 0.031481 0.018229 0.040741
0 0.359375 0.055556 0.018750 0.048148
0 0.378646 0.052778 0.013542 0.042593
0 0.405990 0.081944 0.020313 0.045370
0 0.434375 0.088889 0.017708 0.046296
0 0.454427 0.127315 0.023438 0.049074
0 0.502865 0.160648 0.024479 0.054630
0 0.626042 0.190741 0.028125 0.059259
0 0.510677 0.048611 0.015104 0.036111
0 0.557292 0.015741 0.015625 0.029630
0 0.570573 0.066204 0.016146 0.030556
0 0.582552 0.095370 0.021354 0.031481
0 0.678646 0.096759 0.014583 0.028704
0 0.711458 0.105093 0.014583 0.030556
0 0.590625 0.041204 0.013542 0.028704
