0 0.121875 0.173611 0.019792 0.049074
0 0.317969 0.222685 0.026562 0.065741
0 0.387500 0.211574 0.026042 0.065741
0 0.337760 0.137963 0.019271 0.048148
0 0.271094 0.156019 0.023438 0.050926
0 0.298177 0.039352 0.020313 0.039815
0 0.339062 0.033796 0.018750 0.041667
0 0.382292 0.047222 0.014583 0.037037
0 0.398958 0.076852 0.018750 0.040741
0 0.457813 0.135185 0.019792 0.059259
0 0.511719 0.158333 0.027604 0.053704
0 0.622396 0.190278 0.029167 0.054630
0 0.510156 0.049074 0.015104 0.033333
0 0.538281 0.063889 0.017188 0.033333
0 0.570312 0.066667 0.014583 0.031481
0 0.588281 0.097222 0.019271 0.035185
0 0.590625 0.041667 0.013542 0.029630
0 0.678385 0.095833 0.013021 0.030556
0 0.713021 0.103704 0.014583 0.033333
0 0.608854 0.044907 0.012500 0.026852
