0 0.125000 0.169907 0.021875 0.052778
0 0.313281 0.219444 0.029687 0.068519
0 0.387240 0.208333 0.026562 0.070370
0 0.271615 0.157870 0.023438 0.052778
0 0.348177 0.136111 0.020313 0.055556
0 0.320312 0.120833 0.020833 0.047222
0 0.338021 0.032870 0.021875 0.032407
0 0.384115 0.045370 0.016146 0.037037
0 0.393490 0.076389 0.018229 0.039815
0 0.408333 0.055556 0.014583 0.037037
0 0.427604 0.071759 0.020833 0.041667
0 0.461458 0.076389 0.018750 0.037963
0 0.460938 0.135185 0.023958 0.048148
0 0.625781 0.193519 0.029687 0.059259
0 0.509115 0.050000 0.015104 0.035185
0 0.535417 0.064352 0.016667 0.037963
0 0.569792 0.067130 0.017708 0.034259
0 0.590885 0.101852 0.017188 0.038889
0 0.616146 0.101852 0.013542 0.035185
0 0.629948 0.099074 0.013021 0.033333
0 0.682552 0.094907 0.015104 0.034259
0 0.713281 0.103704 0.015104 0.031481
0 0.608854 0.044444 0.012500 0.029630
0 0.592969 0.044444 0.014063 0.033333
