0 0.085156 0.185648 0.023438 0.052778
0 0.119010 0.185185 0.020313 0.051852
0 0.311719 0.214815 0.026562 0.070370
0 0.352604 0.196759 0.027083 0.065741
0 0.297917 0.049074 0.018750 0.044444
0 0.350000 0.033796 0.020833 0.039815
0 0.417187 0.046759 0.018750 0.036111
0 0.461198 0.135648 0.025521 0.054630
0 0.486719 0.135648 0.021354 0.050926
0 0.512240 0.156481 0.026562 0.059259
0 0.541927 0.149074 0.027604 0.055556
0 0.650260 0.242130 0.029687 0.054630
0 0.509375 0.050000 0.017708 0.037037
0 0.548177 0.068056 0.017188 0.037963
0 0.580990 0.073611 0.016146 0.030556
0 0.687240 0.099074 0.014063 0.035185
0 0.711458 0.106944 0.014583 0.036111
0 0.675781 0.078704 0.011979 0.029630
0 0.588802 0.039352 0.013021 0.032407
0 0.607031 0.043981 0.013021 0.026852
