0 0.073438 0.187963 0.023958 0.051852
0 0.120313 0.170833 0.017708 0.050926
0 0.104427 0.100463 0.019271 0.032407
0 0.308333 0.212500 0.030208 0.063889
0 0.387500 0.207407 0.027083 0.064815
0 0.349219 0.141667 0.019271 0.057407
0 0.278125 0.163889 0.021875 0.055556
0 0.320833 0.118981 0.022917 0.043519
0 0.309635 0.043519 0.018229 0.038889
0 0.341406 0.038889 0.017188 0.040741
0 0.382292 0.044907 0.014583 0.036111
0 0.395573 0.077315 0.018229 0.043519
0 0.409115 0.061111 0.014063 0.033333
0 0.428646 0.073148 0.020833 0.040741
0 0.461458 0.072222 0.019792 0.040741
0 0.627604 0.193519 0.027083 0.061111
0 0.510417 0.050463 0.014583 0.036111
0 0.535417 0.064352 0.016667 0.039815
0 0.569531 0.067130 0.017188 0.034259
0 0.591927 0.105556 0.014063 0.037037
0 0.615104 0.102778 0.013542 0.033333
0 0.629167 0.101389 0.012500 0.030556
0 0.683333 0.094907 0.013542 0.032407
0 0.711719 0.103241 0.014063 0.028704
0 0.592187 0.041667 0.012500 0.027778
0 0.608073 0.044444 0.009896 0.025926
