0 0.074740 0.187037 0.023438 0.057407
0 0.119271 0.173611 0.018750 0.050926
0 0.313802 0.213426 0.026562 0.063889
0 0.386979 0.209722 0.028125 0.065741
0 0.349219 0.135648 0.019271 0.050926
0 0.276823 0.164815 0.021354 0.057407
0 0.312760 0.044444 0.019271 0.048148
0 0.321094 0.118056 0.023438 0.045370
0 0.339323 0.037037 0.017188 0.037037
0 0.363802 0.051389 0.019271 0.041667
0 0.382552 0.045370 0.014063 0.035185
0 0.396875 0.079630 0.019792 0.044444
0 0.460938 0.135185 0.020833 0.055556
0 0.626823 0.193981 0.027604 0.060185
0 0.509635 0.049074 0.015104 0.037037
0 0.536719 0.064815 0.016146 0.037037
0 0.588542 0.109722 0.015625 0.039815
0 0.569010 0.065278 0.017188 0.032407
0 0.616667 0.097685 0.013542 0.032407
0 0.632812 0.101389 0.014583 0.030556
0 0.682292 0.094907 0.013542 0.032407
0 0.711719 0.103704 0.014063 0.033333
0 0.557813 0.016204 0.016667 0.030556
0 0.590104 0.040278 0.013542 0.028704
0 0.605729 0.042130 0.011458 0.026852
