0 0.075521 0.188426 0.022917 0.056481
0 0.124479 0.169444 0.017708 0.050000
0 0.319010 0.215741 0.027604 0.066667
0 0.387240 0.207407 0.025521 0.066667
0 0.345052 0.127315 0.024479 0.054630
0 0.319792 0.120833 0.020833 0.045370
0 0.341146 0.038889 0.018750 0.042593
0 0.362760 0.045833 0.020313 0.034259
0 0.382552 0.044907 0.015104 0.037963
0 0.414062 0.059259 0.016667 0.038889
0 0.397396 0.080556 0.018750 0.042593
0 0.433594 0.080556 0.018229 0.042593
0 0.465625 0.074537 0.018750 0.045370
0 0.488021 0.116204 0.021875 0.041667
0 0.627604 0.193056 0.029167 0.060185
0 0.510677 0.049537 0.015104 0.034259
0 0.547396 0.071759 0.014583 0.036111
0 0.569531 0.067130 0.017188 0.030556
0 0.595052 0.103704 0.016146 0.037037
0 0.638542 0.104630 0.015625 0.033333
0 0.682552 0.094907 0.014063 0.032407
0 0.589844 0.038889 0.014063 0.027778
