0 0.073958 0.189815 0.022917 0.053704
0 0.122135 0.170370 0.022396 0.053704
0 0.321615 0.216204 0.023438 0.065741
0 0.386719 0.209722 0.025521 0.067593
0 0.276302 0.162963 0.021354 0.053704
0 0.351823 0.145833 0.020313 0.050926
0 0.319271 0.118519 0.019792 0.050000
0 0.363021 0.043981 0.019792 0.036111
0 0.382031 0.045833 0.015104 0.036111
0 0.421094 0.057870 0.015104 0.039815
0 0.398958 0.078704 0.020833 0.042593
0 0.436979 0.088426 0.016667 0.043519
0 0.482031 0.110648 0.020313 0.043519
0 0.626563 0.193519 0.027083 0.059259
0 0.510417 0.049074 0.015625 0.035185
0 0.543490 0.070833 0.014063 0.039815
0 0.570052 0.066667 0.017188 0.031481
0 0.684896 0.096759 0.013542 0.030556
0 0.714323 0.106481 0.015104 0.031481
0 0.588281 0.037500 0.010937 0.026852
0 0.594531 0.099074 0.017188 0.038889
0 0.639323 0.106944 0.015104 0.028704
0 0.552344 0.143056 0.029687 0.058333
