0 0.072917 0.190741 0.023958 0.057407
0 0.153125 0.182407 0.023958 0.059259
0 0.127344 0.170833 0.021354 0.047222
0 0.101042 0.156019 0.020833 0.045370
0 0.320052 0.217130 0.026562 0.067593
0 0.386719 0.209722 0.026562 0.065741
0 0.276562 0.164815 0.021875 0.057407
0 0.354687 0.145370 0.020833 0.051852
0 0.301302 0.047222 0.019271 0.044444
0 0.318490 0.115278 0.020313 0.047222
0 0.344531 0.036111 0.017188 0.040741
0 0.367708 0.050000 0.017708 0.037037
0 0.384115 0.045833 0.014063 0.037963
0 0.423177 0.058796 0.015104 0.039815
0 0.403646 0.083796 0.020833 0.047222
0 0.437240 0.091667 0.017188 0.042593
0 0.481771 0.111111 0.020833 0.046296
0 0.519531 0.162963 0.023438 0.057407
0 0.549219 0.140741 0.023438 0.042593
0 0.626823 0.194444 0.026562 0.062963
0 0.510156 0.048611 0.015104 0.039815
0 0.544010 0.070370 0.017188 0.040741
0 0.570052 0.066667 0.017188 0.035185
0 0.593229 0.097222 0.016667 0.037037
0 0.685677 0.097685 0.014063 0.032407
0 0.713802 0.104167 0.015104 0.032407
0 0.587760 0.039815 0.013021 0.031481
0 0.615104 0.048148 0.011458 0.025926
