0 0.072656 0.190278 0.021354 0.054630
0 0.102604 0.159259 0.019792 0.038889
0 0.146875 0.176389 0.022917 0.049074
0 0.276823 0.162963 0.020313 0.055556
0 0.355729 0.149537 0.021875 0.049074
0 0.320052 0.215278 0.025521 0.063889
0 0.386979 0.210185 0.026042 0.064815
0 0.305208 0.049074 0.018750 0.042593
0 0.345313 0.035648 0.017708 0.039815
0 0.373698 0.058333 0.017188 0.042593
0 0.417448 0.052315 0.015104 0.034259
0 0.405990 0.089815 0.021354 0.040741
0 0.476562 0.111574 0.018750 0.043519
0 0.446615 0.125000 0.019271 0.046296
0 0.545573 0.147222 0.021354 0.044444
0 0.626302 0.196296 0.027604 0.059259
0 0.509896 0.049537 0.015625 0.034259
0 0.543490 0.069444 0.015104 0.035185
0 0.553125 0.015741 0.014583 0.029630
0 0.570573 0.066667 0.014063 0.033333
0 0.598177 0.099537 0.017188 0.036111
0 0.685156 0.098148 0.014063 0.033333
0 0.587760 0.039352 0.013021 0.028704
0 0.638281 0.072222 0.017188 0.029630
0 0.714323 0.105556 0.015104 0.031481
