0 0.074479 0.192130 0.021875 0.056481
0 0.101302 0.157407 0.017188 0.046296
0 0.121615 0.158796 0.018229 0.049074
0 0.098958 0.216204 0.020833 0.054630
0 0.154427 0.178241 0.024479 0.050926
0 0.345313 0.037500 0.017708 0.036111
0 0.319792 0.115741 0.019792 0.048148
0 0.277865 0.163889 0.019271 0.051852
0 0.353906 0.150926 0.021354 0.046296
0 0.317188 0.209722 0.027083 0.062037
0 0.386458 0.211111 0.025000 0.061111
0 0.373437 0.059259 0.018750 0.044444
0 0.417708 0.050926 0.015625 0.033333
0 0.405208 0.088426 0.020833 0.043519
0 0.446094 0.121759 0.021354 0.052778
0 0.476042 0.113426 0.019792 0.045370
0 0.554948 0.151389 0.024479 0.047222
0 0.626042 0.195370 0.026042 0.059259
0 0.509115 0.048611 0.016146 0.036111
0 0.543490 0.068981 0.017188 0.037963
0 0.570573 0.066204 0.017188 0.036111
0 0.610156 0.043981 0.011979 0.028704
0 0.553646 0.015741 0.017708 0.029630
0 0.587760 0.038426 0.014063 0.028704
0 0.598958 0.100926 0.017708 0.035185
0 0.640365 0.108796 0.013021 0.030556
0 0.641667 0.072222 0.015625 0.029630
0 0.676302 0.070833 0.016146 0.025000
0 0.685156 0.096759 0.014063 0.030556
0 0.712240 0.104167 0.015104 0.034259
