0 0.093490 0.214815 0.022396 0.051852
0 0.163281 0.180556 0.024479 0.055556
0 0.139063 0.141204 0.018750 0.049074
0 0.319010 0.212963 0.025521 0.068519
0 0.384896 0.211574 0.025000 0.065741
0 0.276562 0.163889 0.020833 0.055556
0 0.354167 0.148148 0.022917 0.051852
0 0.320833 0.115741 0.021875 0.046296
0 0.345573 0.035648 0.017188 0.039815
0 0.370573 0.055093 0.017188 0.039815
0 0.386719 0.046759 0.015104 0.036111
0 0.422396 0.059259 0.015625 0.038889
0 0.405990 0.088426 0.019271 0.043519
0 0.446354 0.122222 0.018750 0.050000
0 0.475521 0.112963 0.020833 0.044444
0 0.507552 0.161574 0.026562 0.056481
0 0.639844 0.195833 0.023438 0.063889
0 0.510156 0.049537 0.016146 0.037963
0 0.544010 0.069444 0.016146 0.037037
0 0.570312 0.068981 0.015625 0.034259
0 0.598437 0.100463 0.017708 0.041667
0 0.640365 0.110185 0.015104 0.035185
0 0.685417 0.098148 0.014583 0.035185
0 0.556771 0.017593 0.014583 0.029630
0 0.675521 0.069907 0.014583 0.025000
