0 0.092969 0.214815 0.024479 0.057407
0 0.138802 0.153704 0.018229 0.053704
0 0.108333 0.164815 0.018750 0.044444
0 0.091927 0.137500 0.016146 0.050926
0 0.162500 0.191667 0.022917 0.051852
0 0.315885 0.209722 0.027604 0.063889
0 0.385677 0.210185 0.027604 0.061111
0 0.272396 0.157407 0.022917 0.048148
0 0.354427 0.148148 0.023438 0.053704
0 0.319531 0.121296 0.021354 0.048148
0 0.345052 0.036574 0.018229 0.039815
0 0.370833 0.060648 0.017708 0.039815
0 0.388021 0.054167 0.014583 0.037963
0 0.421875 0.057407 0.017708 0.038889
0 0.404687 0.087500 0.021875 0.047222
0 0.446615 0.119907 0.020313 0.052778
0 0.474219 0.112500 0.020313 0.045370
0 0.514323 0.156481 0.026562 0.051852
0 0.638802 0.202315 0.022396 0.060185
0 0.510156 0.047685 0.016146 0.034259
0 0.546094 0.066204 0.016146 0.036111
0 0.570312 0.066204 0.015625 0.032407
0 0.597135 0.100000 0.017188 0.038889
0 0.640365 0.109259 0.016146 0.037037
0 0.684375 0.096296 0.015625 0.035185
0 0.713802 0.106944 0.015104 0.034259
0 0.590365 0.041204 0.014063 0.026852
0 0.557292 0.019444 0.015625 0.029630
