0 0.075521 0.152778 0.023958 0.053704
0 0.097656 0.212963 0.024479 0.055556
0 0.138021 0.158796 0.020833 0.052778
0 0.171094 0.193981 0.023438 0.058333
0 0.110937 0.159259 0.019792 0.048148
0 0.384375 0.210185 0.026042 0.064815
0 0.319010 0.211111 0.026562 0.064815
0 0.271875 0.156481 0.022917 0.050000
0 0.354948 0.148611 0.025521 0.052778
0 0.308073 0.045833 0.022396 0.045370
0 0.319010 0.118056 0.018229 0.045370
0 0.371875 0.060185 0.016667 0.038889
0 0.403646 0.087500 0.020833 0.041667
0 0.421875 0.059722 0.014583 0.039815
0 0.461719 0.080556 0.014063 0.042593
0 0.476042 0.116667 0.018750 0.044444
0 0.445312 0.122685 0.018750 0.047222
0 0.513542 0.156019 0.026042 0.050926
0 0.542188 0.152778 0.021875 0.044444
0 0.626563 0.215741 0.026042 0.059259
0 0.509635 0.049074 0.016146 0.035185
0 0.544792 0.063889 0.015625 0.038889
0 0.559115 0.018981 0.014063 0.030556
0 0.571094 0.067130 0.017188 0.036111
0 0.597656 0.101389 0.018229 0.039815
0 0.616406 0.100926 0.014063 0.033333
0 0.639844 0.107407 0.016146 0.037037
0 0.684375 0.096759 0.014583 0.034259
0 0.589844 0.041667 0.014063 0.029630
0 0.713802 0.106019 0.013021 0.030556
