0 0.086198 0.187037 0.023438 0.051852
0 0.122396 0.185648 0.021875 0.054630
0 0.311719 0.214815 0.026562 0.068519
0 0.354948 0.193981 0.026562 0.062037
0 0.294010 0.042130 0.019271 0.039815
0 0.413802 0.050926 0.020313 0.038889
0 0.345833 0.034259 0.021875 0.038889
0 0.461458 0.135648 0.022917 0.054630
0 0.489063 0.134259 0.020833 0.050000
0 0.512760 0.155093 0.025521 0.054630
0 0.648958 0.243056 0.029167 0.056481
0 0.510417 0.050000 0.016667 0.037037
0 0.550781 0.068519 0.016146 0.038889
0 0.577344 0.073148 0.015104 0.033333
0 0.712240 0.104630 0.014063 0.035185
0 0.586719 0.037500 0.015104 0.032407
0 0.604688 0.043981 0.012500 0.026852
0 0.632292 0.099537 0.011458 0.032407
