0 0.076042 0.156944 0.019792 0.050926
0 0.094010 0.137037 0.013021 0.046296
0 0.109635 0.160185 0.016146 0.042593
0 0.141146 0.159722 0.016667 0.047222
0 0.098958 0.217130 0.019792 0.058333
0 0.170573 0.184722 0.023438 0.056481
0 0.319271 0.212500 0.022917 0.063889
0 0.376823 0.202315 0.026562 0.054630
0 0.263021 0.153241 0.022917 0.049074
0 0.321354 0.113426 0.022917 0.043519
0 0.347396 0.035648 0.018750 0.037963
0 0.373437 0.059722 0.018750 0.041667
0 0.422396 0.057870 0.015625 0.037963
0 0.404687 0.086574 0.020833 0.043519
0 0.445573 0.118981 0.019271 0.050926
0 0.463281 0.080093 0.015104 0.041667
0 0.476562 0.114815 0.017708 0.040741
0 0.512240 0.155556 0.024479 0.053704
0 0.627604 0.207870 0.022917 0.060185
0 0.509635 0.049537 0.015104 0.036111
0 0.533854 0.047222 0.012500 0.031481
0 0.547917 0.063889 0.013542 0.033333
0 0.571354 0.065278 0.013542 0.030556
0 0.601302 0.101852 0.013021 0.038889
0 0.685156 0.095370 0.011979 0.029630
0 0.713281 0.103704 0.011979 0.031481
0 0.588542 0.038426 0.012500 0.026852
0 0.609635 0.041667 0.010937 0.024074
