0 0.070573 0.155556 0.018229 0.048148
0 0.093750 0.135185 0.015625 0.050000
0 0.110156 0.157407 0.017188 0.046296
0 0.144531 0.156944 0.018229 0.049074
0 0.098437 0.217130 0.020833 0.058333
0 0.174740 0.197685 0.028646 0.058333
0 0.317188 0.209722 0.027083 0.063889
0 0.375521 0.201389 0.028125 0.060185
0 0.267708 0.153704 0.026042 0.057407
0 0.346354 0.132407 0.023958 0.051852
0 0.372396 0.061574 0.016667 0.043519
0 0.422135 0.057407 0.015104 0.037037
0 0.445573 0.119907 0.020313 0.052778
0 0.471354 0.110185 0.020833 0.038889
0 0.512240 0.156481 0.026562 0.053704
0 0.623698 0.200463 0.026562 0.063889
0 0.509896 0.047685 0.015625 0.036111
0 0.536719 0.043981 0.014063 0.028704
0 0.548698 0.064815 0.014063 0.037037
0 0.571354 0.066204 0.015625 0.032407
0 0.600000 0.101389 0.015625 0.037963
0 0.684896 0.095833 0.015625 0.034259
0 0.588021 0.037037 0.012500 0.029630
