0 0.069792 0.154167 0.021875 0.050926
0 0.105469 0.150926 0.018229 0.044444
0 0.100000 0.218981 0.020833 0.060185
0 0.175521 0.197685 0.028125 0.054630
0 0.320312 0.211574 0.026042 0.067593
0 0.381250 0.204167 0.026042 0.069444
0 0.275000 0.153704 0.022917 0.051852
0 0.346875 0.129167 0.026042 0.050926
0 0.373698 0.059722 0.019271 0.041667
0 0.400260 0.082407 0.020313 0.040741
0 0.421354 0.056019 0.017708 0.039815
0 0.445573 0.120370 0.022396 0.055556
0 0.470573 0.109722 0.023438 0.037963
0 0.511719 0.155093 0.026562 0.054630
0 0.618490 0.199074 0.029687 0.061111
0 0.509635 0.048611 0.017188 0.037963
0 0.549740 0.065741 0.017188 0.035185
0 0.640885 0.110648 0.015104 0.036111
0 0.685677 0.097685 0.013021 0.034259
0 0.715625 0.109259 0.014583 0.033333
0 0.652604 0.084722 0.015625 0.030556
0 0.588021 0.038426 0.014583 0.030556
0 0.610938 0.044444 0.013542 0.027778
