0 0.069010 0.154630 0.021354 0.050000
0 0.093229 0.135648 0.017708 0.045370
0 0.110417 0.156019 0.018750 0.043519
0 0.133073 0.150926 0.020313 0.050000
0 0.099479 0.220370 0.021875 0.061111
0 0.173958 0.186574 0.025000 0.062037
0 0.316667 0.212500 0.026042 0.067593
0 0.274740 0.151389 0.024479 0.052778
0 0.315365 0.099074 0.019271 0.046296
0 0.346354 0.131481 0.021875 0.053704
0 0.370312 0.055093 0.017708 0.041667
0 0.385937 0.045370 0.013542 0.037037
0 0.411979 0.045833 0.018750 0.032407
0 0.405469 0.086111 0.022396 0.046296
0 0.445573 0.120833 0.020313 0.052778
0 0.476042 0.116204 0.020833 0.050926
0 0.510938 0.155093 0.027083 0.056481
0 0.613542 0.201852 0.026042 0.064815
0 0.508073 0.048148 0.016146 0.033333
0 0.550000 0.067130 0.016667 0.036111
0 0.639583 0.107407 0.016667 0.035185
0 0.570573 0.065278 0.015104 0.030556
0 0.559115 0.019444 0.014063 0.029630
0 0.685937 0.097685 0.013542 0.034259
0 0.594010 0.099537 0.016146 0.036111
0 0.619010 0.098611 0.016146 0.032407
0 0.653906 0.084259 0.015104 0.027778
0 0.714063 0.105556 0.014583 0.029630
