0 0.092969 0.134259 0.017188 0.050000
0 0.111979 0.154630 0.018750 0.046296
0 0.135677 0.158333 0.020313 0.048148
0 0.100781 0.216667 0.022396 0.066667
0 0.165365 0.169907 0.024479 0.054630
0 0.313542 0.206481 0.030208 0.064815
0 0.274219 0.150463 0.023438 0.052778
0 0.349219 0.138426 0.023438 0.056481
0 0.314063 0.101852 0.020833 0.048148
0 0.345573 0.035185 0.018229 0.037037
0 0.365885 0.048611 0.020313 0.037963
0 0.385937 0.045833 0.016667 0.036111
0 0.414062 0.044907 0.019792 0.032407
0 0.405990 0.084722 0.021354 0.041667
0 0.472135 0.113426 0.021354 0.047222
0 0.510156 0.153704 0.027604 0.053704
0 0.637240 0.205556 0.025521 0.064815
0 0.508333 0.048148 0.014583 0.035185
0 0.550260 0.065278 0.016146 0.036111
0 0.569792 0.066204 0.016667 0.034259
0 0.556510 0.017130 0.014063 0.028704
0 0.591406 0.039352 0.013021 0.028704
0 0.599479 0.100926 0.017708 0.038889
0 0.639323 0.109722 0.014063 0.034259
0 0.685677 0.097685 0.014063 0.030556
0 0.715104 0.106481 0.013542 0.031481
0 0.609115 0.047222 0.010937 0.025926
0 0.654167 0.083796 0.016667 0.030556
