0 0.058854 0.149537 0.021875 0.045370
0 0.092969 0.135185 0.017188 0.050000
0 0.114844 0.159259 0.018229 0.050000
0 0.137500 0.144907 0.019792 0.050926
0 0.102865 0.220370 0.021354 0.062963
0 0.167448 0.177778 0.024479 0.062963
0 0.317188 0.212963 0.026042 0.066667
0 0.274479 0.153241 0.022917 0.049074
0 0.348177 0.140278 0.022396 0.058333
0 0.345833 0.037500 0.017708 0.036111
0 0.370052 0.052315 0.018229 0.036111
0 0.405208 0.084259 0.020833 0.044444
0 0.439323 0.111111 0.021354 0.048148
0 0.471094 0.112500 0.020313 0.047222
0 0.509375 0.154167 0.026042 0.056481
0 0.651563 0.235648 0.028125 0.060185
0 0.507812 0.048611 0.015625 0.034259
0 0.549740 0.065741 0.015104 0.035185
0 0.568750 0.068981 0.013542 0.030556
0 0.598958 0.101389 0.016667 0.041667
0 0.639844 0.110185 0.013021 0.033333
0 0.683854 0.094444 0.014583 0.031481
0 0.712500 0.105093 0.014583 0.030556
0 0.555729 0.014815 0.014583 0.027778
0 0.589323 0.039352 0.014063 0.028704
