0 0.064062 0.147685 0.021875 0.047222
0 0.093229 0.134722 0.017708 0.047222
0 0.113802 0.159259 0.020313 0.046296
0 0.135156 0.146296 0.021354 0.048148
0 0.102865 0.221296 0.023438 0.061111
0 0.166146 0.180556 0.025000 0.057407
0 0.319010 0.214352 0.025521 0.067593
0 0.377083 0.200000 0.029167 0.068519
0 0.267708 0.155556 0.021875 0.053704
0 0.348698 0.139352 0.020313 0.054630
0 0.352083 0.038889 0.015625 0.038889
0 0.370833 0.054167 0.018750 0.037963
0 0.423177 0.050463 0.017188 0.041667
0 0.404427 0.086574 0.021354 0.047222
0 0.440365 0.112037 0.022396 0.048148
0 0.472396 0.114352 0.020833 0.047222
0 0.506510 0.156019 0.024479 0.058333
0 0.548698 0.145833 0.025521 0.049074
0 0.652604 0.250000 0.030208 0.055556
0 0.508073 0.051389 0.018229 0.030556
0 0.550000 0.065278 0.014583 0.036111
0 0.568490 0.068519 0.014063 0.029630
0 0.598437 0.101852 0.016667 0.037037
0 0.617448 0.098611 0.014063 0.032407
0 0.638542 0.108333 0.014583 0.031481
0 0.652865 0.085648 0.013021 0.030556
0 0.684635 0.097222 0.014063 0.031481
0 0.713281 0.106481 0.013021 0.031481
0 0.560677 0.017130 0.015104 0.028704
0 0.590885 0.040741 0.014063 0.031481
