0 0.065625 0.149074 0.023958 0.046296
0 0.092969 0.133796 0.018229 0.049074
0 0.113021 0.159259 0.017708 0.048148
0 0.138802 0.150926 0.018229 0.050000
0 0.164844 0.181019 0.021354 0.054630
0 0.103906 0.099537 0.019271 0.028704
0 0.267708 0.150926 0.021875 0.050000
0 0.304688 0.050463 0.018750 0.041667
0 0.349479 0.137963 0.020833 0.055556
0 0.318750 0.211574 0.026042 0.065741
0 0.379427 0.200463 0.027604 0.067593
0 0.355990 0.042130 0.014063 0.037963
0 0.371875 0.055093 0.016667 0.041667
0 0.404427 0.085185 0.022396 0.044444
0 0.422396 0.051852 0.016667 0.038889
0 0.442188 0.109722 0.023958 0.045370
0 0.472656 0.112037 0.021354 0.042593
0 0.509896 0.156019 0.027083 0.063889
0 0.547917 0.145370 0.026042 0.048148
0 0.653125 0.256481 0.031250 0.055556
0 0.509115 0.050000 0.017188 0.037037
0 0.546875 0.063889 0.016667 0.033333
0 0.568490 0.069444 0.014063 0.033333
0 0.597135 0.098611 0.017188 0.036111
0 0.558333 0.017593 0.014583 0.027778
0 0.591146 0.042130 0.012500 0.028704
0 0.616667 0.100926 0.014583 0.035185
0 0.639062 0.110185 0.015625 0.033333
0 0.653385 0.086111 0.015104 0.029630
0 0.685677 0.096759 0.014063 0.032407
0 0.714844 0.107407 0.013021 0.031481
