0 0.093229 0.133333 0.017708 0.048148
0 0.096354 0.202778 0.019792 0.059259
0 0.166667 0.186574 0.021875 0.060185
0 0.116406 0.157407 0.018229 0.046296
0 0.317188 0.205093 0.028125 0.069444
0 0.383594 0.201852 0.028646 0.066667
0 0.266406 0.151852 0.022396 0.055556
0 0.349740 0.138426 0.023438 0.054630
0 0.301823 0.048148 0.018229 0.044444
0 0.353646 0.044444 0.014583 0.037037
0 0.371615 0.056019 0.017188 0.043519
0 0.415104 0.045370 0.019792 0.035185
0 0.405469 0.086111 0.020313 0.046296
0 0.443750 0.112963 0.021875 0.048148
0 0.478646 0.110648 0.019792 0.039815
0 0.511458 0.160648 0.026042 0.058333
0 0.653906 0.261111 0.030729 0.057407
0 0.509115 0.050000 0.016146 0.035185
0 0.545573 0.062037 0.018229 0.035185
0 0.568490 0.068519 0.013021 0.033333
0 0.600521 0.102315 0.017708 0.039815
0 0.639062 0.110648 0.017708 0.036111
0 0.684896 0.097685 0.015625 0.030556
0 0.587500 0.040278 0.011458 0.028704
