0 0.140104 0.134722 0.018750 0.047222
0 0.104948 0.203241 0.019271 0.060185
0 0.165625 0.186111 0.022917 0.061111
0 0.296615 0.041667 0.019271 0.033333
0 0.267708 0.154167 0.021875 0.054630
0 0.348698 0.137963 0.022396 0.055556
0 0.318490 0.209259 0.026562 0.064815
0 0.380469 0.198148 0.027604 0.062963
0 0.353125 0.042130 0.012500 0.036111
0 0.373698 0.062037 0.017188 0.040741
0 0.405729 0.084722 0.020833 0.047222
0 0.444271 0.115278 0.021875 0.049074
0 0.473698 0.108333 0.021354 0.037037
0 0.519010 0.167130 0.024479 0.056481
0 0.651563 0.260648 0.029167 0.054630
0 0.510417 0.050463 0.015625 0.032407
0 0.544531 0.062500 0.015104 0.034259
0 0.568229 0.066204 0.014583 0.028704
0 0.598437 0.099537 0.015625 0.034259
0 0.639323 0.109722 0.017188 0.032407
0 0.559375 0.018981 0.014583 0.028704
0 0.685937 0.097222 0.013542 0.031481
0 0.652604 0.085185 0.012500 0.031481
0 0.676823 0.070833 0.011979 0.023148
